3.9948
4.0778
3.6911
3.5634
3.9415
4.2815
2.3894
3.6129
3.8604
3.5575
3.3887
3.7873
3.8037
4.7765
3.1708
2.6193
2.7660
2.9227
3.7429
3.5929
4.3326
3.3998
2.8877
2.7722
2.7749
4.1111
4.0252
2.8488
3.5607
3.9690
4.2818
4.6439
3.7298
3.4956
3.1691
4.1302
3.7028
2.5953
3.1445
3.5163
3.6522
2.8532
3.3126
3.9641
4.2347
3.4193
4.0093
3.9331
4.2599
3.4249
3.6588
4.4383
3.7886
4.1862
4.0241
4.1284
3.8908
3.8500
4.0275
3.5109
4.1364
3.9250
3.9555
3.5126
3.8182
3.2179
3.1247
3.8954
3.3197
3.6110
2.6560
4.0617
3.6834
3.3301
3.0982
2.7610
3.4466
3.7203
4.2348
3.4497
3.0810
4.2717
4.4688
4.2234
4.6483
3.1514
2.8238
3.2873
2.1901
4.3313
2.9303
4.5366
4.2389
4.4042
4.1649
4.0548
3.2384
4.0861
3.2239
3.5385
3.9560
3.7959
3.8631
3.2830
2.7353
3.1997
3.0219
4.5122
3.9512
3.1750
4.0636
3.9037
3.1545
4.2709
3.5481
2.9757
4.1826
4.2872
2.0548
3.7796
4.0258
3.7807
2.7015
3.8831
3.0126
4.0809
2.8828
3.3608
4.3154
3.0098
3.3780
3.6086
2.9603
3.3827
4.2591
3.4423
3.7015
3.8738
3.9578
2.9308
4.0847
3.3024
3.6697
4.5418
3.9167
3.9517
4.0228
2.4785
2.9828
3.0502
3.7928
3.2982
2.6963
4.1333
4.6158
2.1802
4.0491
4.0263
1.6894
3.4443
3.1923
3.8313
3.7894
2.4329
3.4573
3.6721
3.2525
3.4134
2.1464
4.2158
3.6142
4.1594
3.7964
4.1678
2.8402
3.1132
3.0782
3.0897
3.9256
2.5089
3.4035
2.8123
3.6541
3.8885
4.2643
3.1107
2.7749
2.5375
4.0407
2.9548
4.1436
2.6974
4.3461
4.4408
4.4807
4.2515
3.1368
4.0216
2.9448
3.9597
4.2766
4.1966
4.5559
3.3350
4.0880
3.1736
3.2773
4.9195
3.6485
3.7674
3.4276
3.9994
2.4919
3.4832
3.8892
3.8711
3.5009
4.0711
3.9671
3.8356
3.8007
3.8004
4.0391
4.2489
3.0158
4.0693
3.2070
3.1022
4.1823
3.5191
3.9379
4.1665
4.2571
3.3235
3.3609
4.0692
4.0010
3.1298
4.1206
2.9555
3.1185
3.7044
3.7090
2.4659
4.0172
3.8231
2.7757
4.0073
3.6120
2.0356
4.1837
3.8307
4.4669
3.5022
4.0648
3.6381
2.2028
3.1520
1.8273
3.4976
3.9632
4.8865
3.6739
4.6653
3.4594
4.1884
3.7381
3.5527
3.4908
1.9922
3.4785
3.5033
3.8340
2.4652
4.1676
3.4855
4.5585
4.0657
3.1477
3.0008
3.6635
4.1395
4.2629
4.5343
2.2140
3.5771
3.4625
4.0485
4.0462
3.3408
2.9924
3.0102
3.4069
3.7683
3.4737
4.1449
4.0302
3.7275
4.5159
4.2761
2.5834
3.7008
3.5779
3.6321
3.0603
3.0957
4.1022
3.4581
3.0315
2.7358
2.7605
3.7731
2.7145
3.6435
4.0190
2.9594
3.6454
3.7293
4.3972
4.0333
4.1186
3.6037
4.1293
4.1547
3.6490
4.6008
2.5163
4.4619
3.0561
3.5396
3.5320
4.2904
3.5921
3.7714
2.0940
4.0818
4.3965
4.0777
2.6421
3.8882
3.3013
2.9712
3.2514
3.5801
3.2393
2.2398
2.9403
3.4489
2.7352
3.1331
3.3466
3.7755
3.3599
4.3790
2.8952
3.6307
2.1447
3.7191
3.6489
4.6227
2.9736
3.6895
3.3766
4.1670
3.5103
4.4723
3.0668
4.5414
3.3318
3.7246
2.8855
3.4434
4.5453
3.3699
3.1813
4.4451
3.8186
3.3913
3.4540
2.4673
4.0874
3.5957
3.4381
3.6832
3.7840
4.2634
4.1727
3.6257
2.8601
2.7874
2.7495
3.3398
3.9895
3.5695
3.3794
3.6419
3.3166
3.6012
2.5434
4.2839
2.8157
3.6384
3.5338
3.5908
4.5376
4.4356
3.9019
2.5922
3.3328
3.1558
3.5465
4.1498
3.5578
3.6496
3.4586
4.2869
4.4958
4.4243
3.6388
3.8223
3.7111
3.8089
2.9356
4.0129
2.8507
2.9245
4.0611
3.3243
3.3807
4.3468
3.5403
2.8624
3.3889
3.3328
3.7275
4.6980
3.9710
3.5335
3.2481
3.8052
2.8939
4.1740
3.6259
3.0427
3.2957
4.2753
2.7891
4.0840
3.0541
3.6483
3.7778
4.8275
3.8812
3.4881
2.7801
3.8417
4.1451
3.0467
2.9322
3.4273
3.7105
2.7872
2.8636
3.6530
4.3403
4.0723
2.2241
3.3196
4.1641
2.8133
2.8937
3.8637
2.5387
3.8870
3.6349
3.6807
3.8528
4.0768
3.3948
2.2885
3.7000
2.9029
3.6331
3.2259
3.7440
3.9894
3.9095
2.9224
4.1472
4.0399
3.5238
2.9824
3.6084
4.3669
3.8970
4.2532
3.7079
3.5967
4.2527
3.3288
3.9288
3.2090
4.6794
4.0206
2.9124
3.1442
3.9367
3.7834
4.7678
3.0521
3.6636
3.2033
1.8257
3.7357
2.7239
3.9325
4.0520
3.6499
4.6246
2.9925
4.1855
3.5010
3.8097
2.7992
3.6377
3.3793
4.1861
3.5095
3.2999
3.4464
2.9800
4.1014
3.5869
4.3460
4.3668
4.1344
4.2079
3.9715
3.6468
3.0542
3.8055
3.5547
4.1749
3.0645
2.8745
3.3764
3.5456
3.5845
3.6696
2.8492
3.3343
2.8882
4.0006
2.9558
2.7246
3.9702
3.9412
3.4500
3.8437
3.3659
3.9348
4.2105
4.1863
3.9849
3.8218
3.5124
4.2965
3.6994
4.3925
3.4657
3.7291
4.0961
4.4254
2.7509
4.3570
4.4222
3.8608
3.6212
3.9565
4.6036
3.5239
3.2194
3.8758
3.5949
2.0179
3.8571
2.3584
4.2569
4.0898
3.9693
3.6355
3.7692
4.0462
3.4347
4.0053
3.8422
3.8010
3.7974
3.6096
2.5010
2.6868
4.4672
2.7272
4.1333
3.3136
4.0268
4.3116
2.8831
4.3387
3.4914
4.1192
4.0719
3.8248
3.3229
3.6654
3.3195
3.5157
3.1195
3.7534
4.7343
3.2013
3.4860
2.2830
4.6050
3.7714
2.5464
3.4610
3.4522
3.3134
4.2392
3.9838
3.9497
4.0723
2.2016
3.8092
2.6672
3.7133
3.3948
4.5570
3.7489
2.6185
3.5545
2.6915
1.9200
3.5192
2.8876
3.1932
3.5401
4.0302
4.0909
2.3545
3.2189
3.9859
3.5272
3.5250
3.8779
3.6257
2.2985
3.8460
2.9641
4.0518
3.9364
2.9747
3.3161
4.2782
4.4754
3.9477
4.0120
2.9949
3.7042
4.1125
4.4402
2.7890
3.3810
3.0473
2.8712
4.2876
3.3804
2.6374
3.2092
3.0470
3.6165
3.3862
3.6673
3.3925
3.0595
3.2905
4.0865
3.7860
3.1665
3.4538
4.0054
3.8149
3.9701
3.5728
4.2637
3.9594
4.3489
2.9319
3.4194
3.1154
4.1893
4.4245
3.2699
3.6636
4.3391
3.4002
2.1609
4.1097
2.7696
3.2692
3.7198
4.1632
4.1054
4.4237
4.1516
3.8943
4.0935
4.1726
2.5975
4.1385
3.3418
4.0690
3.7125
3.6381
2.8688
3.5805
2.9330
3.4977
2.6495
3.1781
3.7746
2.7087
3.4266
3.9071
3.4241
3.2083
3.3681
4.2250
3.2349
4.7233
3.7782
3.3867
2.6031
3.6956
3.7965
3.0839
3.8877
3.5207
3.1168
3.9858
3.2908
3.9044
3.3192
2.5895
3.5176
2.4020
2.9995
4.0184
3.8004
3.7403
3.2096
3.7214
3.8867
3.4409
3.4810
4.3654
3.9690
3.9261
3.8731
3.8923
1.3867
3.7682
4.3644
4.1431
3.4285
3.2652
2.7145
3.7578
4.1748
3.5444
4.3036
3.2302
3.0915
1.4430
3.2526
3.1952
4.0083
3.6346
3.5519
2.0866
3.6394
4.0212
3.0361
2.5946
3.7861
4.0026
2.9460
3.4851
4.0942
3.6769
3.8763
2.4322
3.5699
3.3525
4.0797
3.4323
4.1630
3.4619
3.9053
3.1287
3.4469
4.0874
4.3705
2.5361
3.4161
4.6576
3.6810
4.0953
3.5915
3.5783
3.5294
3.9296
3.9441
2.4917
2.3761
3.8512
3.5293
3.4574
3.9443
4.0603
3.8634
3.2647
3.4940
3.5600
4.6105
3.5801
3.4340
3.3149
3.7445
3.3305
3.1786
4.0126
3.1566
3.5337
3.3276
3.8852
3.5852
4.1674
3.4869
3.8915
4.3798
3.0783
4.1257
4.7709
2.3660
3.7841
2.4647
2.4194
3.4169
2.8698
4.2187
3.9101
3.3519
3.8007
3.9163
3.6645
4.0996
3.5342
3.2585
3.5358
4.3531
3.1440
3.3489
3.0565
3.3676
4.1768
3.6354
3.5668
3.6317
3.6314
4.1697
2.3121
3.6467
4.4665
3.1705
2.6537
3.2353
4.2005
3.0115
3.7650
2.7347
3.2543
3.6895
2.7872
3.9746
2.7980
3.6735
3.7356
3.6558
3.8105
3.6246
3.1020
4.2694
3.5665
3.0019
4.0242
4.0807
3.0083
3.5723
3.5949
3.1935
3.5245
3.6332
3.3722
3.9927
3.0505
2.4097
2.3295
2.8620
3.7942
3.4307
3.1659
3.1992
3.0469
2.4415
3.8197
3.9472
4.0109
2.6571
2.9380
3.9990
3.0146
2.5021
4.0647
3.4863
4.0594
3.8405
1.9815
3.0928
3.5372
4.1603
3.2272
3.4769
2.3212
1.7728
3.5188
3.3871
4.2897
2.7208
4.7163
3.7847
3.9921
2.4342
4.5051
4.0402
4.2429
3.1044
3.9610
4.4447
2.7706
4.1601
4.3560
3.7331
4.1190
3.7390
3.2451
2.9655
3.5975
4.3016
3.9940
4.1735
4.2442
3.9093
2.5174
3.8856
4.0468
3.0844
3.9707
2.7225
2.8257
3.7192
4.4086
4.2662
3.2943
2.8292
3.0005
3.0922
2.5955
4.2956
3.1284
4.7753
4.2996
4.3253
3.5704
3.1952
3.9164
3.6642
3.5839
3.1679
2.3665
3.5457
3.8798
3.5880
4.1440
4.2448
3.7260
3.9931
2.8156
4.3137
2.7139
3.3828
3.2793
3.1958
3.4863
3.4687
2.6660
3.5619
4.3509
3.3005
3.6820
3.8039
4.7974
4.1445
3.8228
1.9704
3.5307
3.4071
2.9109
4.1567
3.1725
3.6516
3.0156
2.8963
3.9261
3.5855
3.8919
3.6872
2.1100
2.6436
3.7148
2.9607
3.7652
3.4726
3.0629
3.3849
4.6575
2.7604
3.0547
3.9319
3.4744
3.3936
3.3291
4.1664
2.6199
3.9227
4.0336
4.0531
1.5274
4.6500
3.8746
3.3714
3.5205
3.8770
4.0823
3.1832
3.9852
2.5024
4.1882
4.3348
2.4095
2.2157
2.9839
2.8937
3.8053
3.5731
4.2603
4.0991
3.6785
3.3521
4.1416
4.4418
3.3861
1.9769
3.2776
3.6458
3.1347
1.1868
2.8086
3.4586
3.9313
4.0798
4.9883
3.8518
4.7399
3.3270
4.1181
3.1698
2.7968
2.8052
3.7943
3.4259
3.7863
3.6325
3.5301
3.1874
2.7615
3.0039
3.4943
4.0321
3.7944
3.3553
3.7943
2.9758
3.6842
3.3544
3.5408
3.8675
1.4181
3.9795
3.4593
3.0849
3.0214
3.9519
3.6209
3.5276
3.7404
2.3171
4.3442
4.0409
4.1779
3.7122
3.9597
2.8971
3.3337
3.5274
3.7467
2.8681
4.1071
4.3307
3.9076
3.3227
3.9449
3.9360
2.5521
3.5323
3.6805
3.2747
3.3530
4.4127
3.4102
4.0869
3.2033
3.8759
3.9816
3.4827
3.4468
3.1930
3.1512
4.3752
3.3076
2.3480
2.6220
2.8294
2.9218
2.3769
3.6692
3.6668
2.9997
4.8477
2.7135
3.5497
2.6906
3.8544
4.1494
4.0672
4.2308
3.1354
3.6545
4.1970
4.1186
3.5409
3.1102
4.2533
3.4318
4.2812
3.1952
3.5883
3.2962
2.5602
3.2016
3.6842
2.7891
3.8325
2.8374
2.3031
3.6232
3.9773
4.4567
3.1065
2.7006
3.3296
3.6862
2.3314
4.4100
3.8351
3.8877
3.6383
2.5556
2.9428
4.1530
2.2515
3.9400
2.5895
3.2686
3.5266
4.1744
3.6270
3.5966
4.6480
3.5381
2.8454
4.1450
3.8236
3.8404
3.5452
3.3048
3.6939
3.7342
3.8770
4.0414
2.7030
3.9267
2.7615
2.6692
3.7388
3.3190
3.5384
4.8954
4.6486
2.9997
2.6391
4.7159
2.3217
2.5337
3.4916
4.2239
3.9093
4.2185
3.7577
4.0911
4.2111
4.2172
3.2139
4.0580
3.2711
3.5769
2.9546
3.2873
3.2176
3.5218
3.9588
3.6792
2.8980
3.6069
3.0802
3.0029
3.9020
3.9356
4.1915
3.3741
3.9782
2.9414
2.5007
3.5328
4.0509
4.7230
4.2015
4.5676
2.8575
3.9553
2.3725
4.1767
2.9260
4.0801
3.8655
3.4099
3.5747
3.5295
2.7194
3.5628
3.6391
4.0297
2.3380
4.2693
4.1843
3.8516
3.7839
3.9525
3.7716
4.3226
3.9092
3.6464
3.4998
2.6020
4.1582
3.9537
3.4094
3.4587
3.9368
2.4760
2.8039
2.3759
3.7409
3.3239
2.7929
4.2881
3.5205
4.6358
4.1679
3.9364
2.5970
3.9806
3.0733
3.9338
4.2282
3.5035
2.5323
4.0926
3.4491
3.2826
3.7064
3.4084
2.8910
4.2284
2.8760
4.5521
3.5892
3.1382
3.6248
2.8858
3.7165
3.2549
3.6852
3.0048
3.8318
3.5111
3.2544
3.6204
3.9561
3.9201
3.6846
3.9388
3.8329
3.2533
3.8989
2.6067
4.1549
4.1395
3.6392
2.9780
3.9786
2.6591
3.3336
3.1030
4.4364
3.9391
3.3529
3.4291
3.3795
4.3363
3.5634
2.6515
3.4101
3.1490
3.9315
3.5560
2.4532
4.4204
3.6262
3.8761
3.1125
4.0202
3.5594
4.3129
3.9409
3.0108
3.4948
3.9453
2.3251
3.4196
3.3821
3.4183
4.1088
4.1025
3.1361
3.1591
3.4550
2.6842
3.1488
4.1369
3.2803
3.5698
2.7393
2.5489
3.0700
3.6440
3.3127
3.2930
3.4773
4.3780
2.3099
4.1100
3.5210
3.7745
2.7609
3.4533
3.1029
4.0867
4.0845
3.1315
4.0092
4.0445
4.3843
3.1672
4.0558
2.6306
3.6150
1.7450
3.5788
3.7653
4.0862
3.5012
2.8535
4.5060
3.8315
3.8308
3.9691
4.2301
3.2447
1.9381
4.6212
2.2664
3.8182
3.9099
3.0693
3.6723
4.0504
4.2032
2.9480
3.3586
4.4685
4.2167
3.4669
3.1288
3.2007
3.3829
3.1837
4.1849
3.8752
3.9043
3.0314
4.0223
2.8497
4.3986
3.9892
3.8577
1.5662
2.3772
3.4918
3.2550
4.1106
3.9687
2.9823
4.3243
2.6150
3.9792
2.3765
3.8850
3.9750
2.9344
4.5565
4.0890
3.7678
4.2018
3.9262
3.2044
3.8777
2.3837
3.5277
3.8201
4.2803
4.3210
3.3637
3.8266
3.3226
3.6757
3.3352
2.8388
3.4802
3.2860
3.3939
3.6512
3.1739
3.9695
3.1903
3.7598
3.0943
3.6434
4.5286
3.0447
3.2619
3.3316
4.0834
4.2065
3.6687
3.7041
3.6433
3.3949
3.1661
2.8517
2.1873
3.3452
4.0274
4.5551
3.8616
4.2389
3.2720
2.2866
4.3292
3.9151
3.5584
3.7681
4.3795
4.1739
3.5853
4.0313
3.8848
2.2086
4.1479
3.7680
3.8427
2.9615
4.1312
3.5544
2.1420
4.1969
3.3574
3.0426
2.9230
4.4907
4.1589
4.2979
4.1758
3.2178
3.7307
3.9158
3.2825
3.8152
3.2538
3.7110
3.2283
2.9803
4.0567
4.1499
4.1068
2.9956
3.5727
3.7775
3.4027
3.9403
2.3916
3.9180
3.8560
3.9643
3.3802
4.6886
3.6118
3.4753
3.2414
4.6139
3.8074
3.7729
4.0311
3.5040
3.1468
3.8140
4.6190
2.9079
2.1455
3.4898
3.7697
4.0729
3.6158
3.6780
3.1473
3.8259
1.5498
3.9149
3.5701
3.3801
3.8929
3.0563
2.6504
2.5969
4.0834
3.0595
3.0087
4.3178
4.2986
4.1635
3.5978
3.7454
2.9956
3.8458
3.3698
3.5015
4.4947
4.0866
4.1520
3.4895
2.8269
4.0609
4.1972
3.5092
2.9517
2.8574
4.0315
3.1602
4.2355
3.3712
2.3390
3.3842
2.9034
3.4524
3.0941
3.2969
4.0530
3.7104
3.9302
4.1447
3.3540
3.6723
3.3259
3.0251
3.8496
3.3282
4.2212
3.7678
2.0420
4.1962
3.6854
3.5352
4.0227
4.2015
2.0041
1.5997
3.0680
3.1803
3.1067
3.6584
4.0805
2.4543
2.8693
4.0486
2.4119
4.1043
2.8117
4.4842
3.1446
3.5852
3.7378
4.2357
3.3408
2.9901
3.0030
4.3878
3.2100
3.3751
3.2351
3.5395
2.8253
4.2362
3.8926
3.0760
4.3354
4.2539
3.2399
3.9259
4.0772
3.0669
3.3949
2.6889
3.4677
3.9544
3.9072
2.0508
3.8206
3.7596
3.8842
2.9710
3.7481
4.2239
4.3174
3.6623
4.6139
3.2494
2.4465
3.4937
3.7660
3.3404
3.9986
3.5887
3.9979
3.6173
3.2658
3.3972
3.3876
2.4944
3.1762
3.1469
2.8582
3.3273
3.9094
3.6392
3.6871
4.1763
4.0160
3.6484
3.6994
4.7037
3.3198
3.8489
4.1507
4.0182
3.5118
3.8330
3.3645
3.3666
2.3238
3.3928
3.5312
3.8986
4.2436
3.6604
3.8307
3.8137
3.3690
4.1806
3.8466
1.4655
3.9785
4.0944
3.9060
3.8638
2.7145
4.0870
4.4660
3.4280
5.0000
2.0652
4.5942
3.2704
2.9806
3.9778
3.5660
3.2814
3.6520
3.0835
2.7708
4.0790
3.6567
4.4904
3.7972
3.9454
4.1472
3.1692
3.6207
4.0899
3.4289
4.0784
4.3002
3.4760
3.6719
2.9851
3.6489
4.1595
4.0804
3.2502
3.7200
3.5674
4.2125
2.2764
3.7020
2.6209
3.6613
4.1833
2.7727
3.3890
4.1875
4.1854
3.5446
3.4288
3.2869
3.9828
3.5224
3.5884
4.2998
3.9504
2.9226
3.4421
3.5098
3.6205
3.5198
3.7206
2.9657
4.7057
4.0744
3.4399
3.9156
3.6397
4.1029
4.4840
3.1026
4.2832
3.8046
3.6348
2.8897
3.5664
3.0699
3.3475
4.1706
2.9821
3.7700
3.4594
3.5746
4.2665
3.8763
2.4826
3.3256
4.5863
3.8987
3.3166
3.1980
2.9798
3.7616
4.6461
3.7397
3.2477
2.4119
3.2452
3.5354
3.7774
4.1453
3.9003
3.9296
3.8013
3.4275
4.1377
3.4396
3.2380
4.0758
3.3915
3.9873
3.3249
2.6935
3.7309
3.3933
4.6088
3.6956
3.5352
4.0267
4.0139
2.3763
4.8223
4.0032
3.5599
3.4111
4.4353
1.8896
2.6379
3.4581
3.0840
3.5653
4.6796
4.2771
3.1239
4.1797
4.0461
4.1806
2.7747
2.2234
3.9890
3.5783
3.2405
3.5043
3.3338
3.9120
3.5550
3.6163
2.9839
3.6416
3.5190
4.2449
4.8818
4.0428
2.9447
3.7831
3.2649
3.2422
4.5444
3.7385
3.7735
4.5148
2.9033
4.4253
3.0988
2.6761
3.3764
3.8799
4.1657
3.9892
3.8741
3.5434
3.0033
4.1169
3.3397
4.5713
3.7919
2.8100
2.4682
3.7051
4.4679
2.9092
3.6145
3.7345
3.0774
3.9139
3.8050
2.1938
3.6204
4.2636
3.5768
3.6659
3.6958
2.9314
2.5076
3.4609
3.0843
3.4216
3.6979
4.0265
2.6937
3.6523
3.1349
3.4198
4.7967
2.8875
2.3632
3.7966
4.3134
3.9429
2.3370
4.4006
3.6743
3.4304
3.6096
2.7667
2.6442
2.4854
3.1878
3.2580
3.3034
4.0944
4.0579
3.5219
3.2387
4.0306
3.2769
2.2525
3.9565
3.7337
4.6138
3.9378
3.3084
3.5942
2.5551
2.8886
2.7528
2.7570
4.0486
3.9087
2.9849
3.3608
2.5755
4.3085
2.5427
3.3783
3.3157
2.8149
3.5614
3.7579
4.1592
4.2213
3.3020
4.1520
3.7909
3.1716
3.9962
3.1101
4.0564
4.3174
3.8141
3.3520
4.3255
3.5237
3.1755
3.4942
3.7383
3.5941
3.9070
4.1781
4.2043
3.3189
1.5070
3.9798
3.1699
4.3903
3.2464
4.2073
3.1956
1.8327
3.7731
2.3429
3.0003
3.0370
3.6625
3.6272
3.8670
2.8038
3.9476
2.4319
4.1444
4.7517
3.4312
2.9523
2.9734
3.7264
3.3874
3.9084
3.4993
3.7679
3.0662
3.7173
3.2184
2.9316
3.7963
3.7967
3.6006
4.3169
3.1125
2.9630
3.1743
4.2536
4.3634
3.7734
3.6383
3.5287
4.4116
3.4763
4.6761
3.7696
3.3676
3.3851
2.9382
2.8593
3.4462
3.0126
2.6202
2.6022
2.5508
3.8420
3.2321
3.3178
3.7522
3.4968
4.5867
4.3385
3.9442
3.8240
3.0607
3.2818
3.0221
4.2843
3.9406
4.4873
3.0290
3.3028
2.1023
4.1473
3.6859
2.2310
4.0539
4.1336
3.3294
3.4872
3.2636
3.3646
3.1939
3.2414
3.4500
3.0472
2.6154
3.7055
4.0880
3.6499
3.0155
2.6649
4.0084
3.1437
1.9698
3.7735
3.8067
2.3428
3.8681
3.3189
3.3568
3.1335
3.3289
3.3379
3.5417
3.7379
4.0047
3.5517
3.0518
3.1522
2.5880
3.0677
3.8898
3.0372
3.6468
3.9384
2.9520
2.9824
2.7633
4.0116
3.3007
3.3208
2.0105
4.1606
3.8701
3.2574
3.6619
3.5874
3.9187
4.0436
3.3623
4.1317
3.5751
2.9985
3.6097
3.4332
3.2620
3.9699
3.1744
2.9006
3.4520
2.7308
3.3698
3.8348
3.6740
4.0919
3.4667
2.4816
4.0024
4.3850
3.8820
4.0595
4.1812
3.3550
3.4667
4.8042
4.1804
2.9751
2.6731
4.0953
4.0553
3.4350
2.9157
3.4126
2.4942
4.6229
3.3686
2.8567
3.6016
2.6581
3.1611
3.1936
3.7017
3.6070
3.3522
3.0471
2.8835
3.8966
3.8441
3.3220
2.1801
3.2276
3.9444
2.9913
4.3859
3.9207
3.4342
5.0000
3.7008
4.0834
3.3917
2.1718
3.2981
3.5618
2.9828
3.9964
3.1491
2.7375
3.7760
2.9022
3.3374
1.0000
3.7666
3.0869
3.1943
3.1175
3.4003
1.6908
3.7956
3.6355
3.7119
3.7704
2.6488
3.5192
4.1182
3.1333
3.6256
3.1933
4.2908
2.8872
3.9329
2.0259
4.1686
4.1862
4.2369
2.3203
4.2739
3.1230
2.7498
4.1182
2.7127
4.6591
3.6718
2.9485
3.2913
2.8181
3.6562
3.3686
4.1669
3.7099
3.2899
2.0268
3.7511
3.6509
2.8137
3.7762
3.9628
4.4469
4.0921
4.3987
3.1831
3.5537
3.9385
2.5874
4.3826
2.9372
3.5962
2.8692
3.3621
2.3448
3.7519
2.6755
4.1660
3.7710
3.6036
3.7379
3.1708
2.5656
2.1231
3.1570
3.6714
3.4426
4.1269
3.5545
3.2560
4.3116
3.8061
3.5336
2.3424
3.7052
2.9256
4.0819
3.8163
3.0808
3.5902
3.5994
3.3566
3.7124
3.9071
3.3349
2.5090
2.6847
3.2897
2.2747
2.9846
4.5232
3.0360
1.7548
4.6553
3.2044
3.4869
3.0788
3.0699
1.6956
3.7483
3.4455
3.8282
3.0143
4.3442
2.7364
3.3461
3.7524
3.7519
1.6573
4.6690
2.8972
3.6218
3.1632
2.7718
3.0637
4.3072
3.6189
3.2897
4.3339
3.5498
3.7013
3.0996
3.7096
3.9684
3.7870
3.9939
3.3150
3.0730
3.2602
4.6498
3.2814
4.0223
3.1097
2.9278
3.8372
3.3604
3.2098
2.8562
3.4410
3.9449
3.8028
3.4871
4.5618
3.5536
3.1594
3.9005
2.8844
3.6640
2.9497
3.4437
3.5140
3.1278
2.3487
4.4547
2.1071
3.5529
4.5892
3.0250
2.2142
3.2841
2.6448
2.7876
4.4030
3.4931
3.7665
3.7202
3.5519
2.9333
3.8955
2.8796
3.4799
4.0748
3.6084
4.3979
2.9565
2.2165
3.4448
3.1907
3.8776
3.5822
3.1308
3.3508
3.3699
3.8761
4.0810
3.0526
3.9065
2.3983
4.0750
3.1297
3.8967
3.6591
4.3003
3.0833
3.7980
4.0251
3.8686
4.0137
3.4034
4.3412
3.9079
2.0913
3.2241
3.8717
4.2058
3.7519
3.0492
3.6855
3.6613
4.3331
4.1161
3.8758
2.6563
3.0050
4.5713
4.0085
2.0618
3.6120
3.7849
3.0054
3.3241
4.0192
3.7451
3.5293
2.6159
3.1151
3.8473
3.9451
3.4105
3.9611
3.2331
3.0870
4.0047
2.7672
3.2100
3.8180
3.7595
3.9701
3.7223
3.4516
3.8628
3.8825
3.8683
3.0237
4.1755
3.8888
3.4880
3.5786
2.6025
3.9416
4.3164
3.4185
2.9970
3.7740
3.6260
4.0585
4.1545
2.2158
4.9220
4.2642
2.8978
4.0399
3.4042
2.0020
3.4907
3.7919
4.1869
4.4771
1.8044
3.8445
4.2687
4.3222
3.1407
3.5167
1.9991
3.7809
3.8329
3.9053
2.8843
2.8218
4.0990
3.9628
3.3080
3.6913
4.6991
3.6706
3.4470
3.7078
3.8387
4.2073
3.2813
3.6416
2.8991
2.9496
3.6961
3.5010
3.8112
2.3328
4.5315
4.4661
4.1940
3.4403
2.1301
3.3590
3.8804
4.2408
3.6242
3.8485
3.0839
3.2902
2.8938
3.3511
4.4059
3.8731
5.0000
4.0017
4.1288
3.1336
3.8840
3.3107
4.2306
3.6187
3.7813
2.5193
3.5255
2.3562
3.8621
3.8311
3.8051
3.2689
2.9907
3.5858
3.1962
4.2054
3.5849
4.4931
2.8259
4.0506
3.4888
3.0192
3.4665
4.1820
4.1161
2.5615
3.8427
4.1267
4.3881
4.1154
3.3040
2.7939
2.5300
3.4024
3.2013
4.1528
3.3975
3.2560
4.3739
3.0012
3.7063
2.9173
3.2268
2.2023
4.1542
4.1440
3.6796
3.4551
3.3013
3.6483
4.4206
3.7115
4.6771
3.6427
3.3593
3.3319
3.3876
3.4015
3.9706
2.8092
3.6162
2.8927
1.7159
3.5459
2.0678
3.0501
3.4955
4.2371
3.2144
3.2632
3.0617
3.9659
3.5079
4.0349
4.1755
3.0291
3.5757
4.0241
3.7148
3.0322
3.0328
3.5980
3.8752
3.8886
3.1785
4.1061
3.4598
4.4377
3.6768
3.5561
3.8981
2.3817
2.9591
3.3659
4.0469
3.4520
2.2988
5.0000
3.0337
4.1209
4.0208
3.8092
3.9399
3.6877
3.4413
3.8688
3.2943
2.9110
2.3928
3.3875
3.9557
2.7301
3.8595
4.5356
4.3988
3.7785
3.2709
1.6350
2.5179
3.6754
3.6464
3.7097
2.7888
3.4980
3.7177
2.4157
3.4069
2.6120
4.1949
3.4883
3.4532
4.5352
3.8487
3.9069
4.4018
3.9086
3.5867
3.5290
2.7802
4.1693
3.8362
3.3198
3.9468
3.3937
3.2074
3.7150
3.3441
4.0144
3.1209
1.7554
4.2136
3.5728
2.7663
4.2972
3.2993
3.3003
2.9809
4.0588
4.1706
3.8765
2.6637
4.0650
3.5051
3.7443
2.9677
3.2200
3.4990
3.6172
3.9153
4.4351
3.2824
3.8613
2.5332
4.0046
3.5687
4.1714
4.1579
4.7949
3.4199
4.2043
4.0607
3.6804
3.9580
4.0317
3.5109
3.4317
4.2353
3.5684
3.3612
3.1602
3.7206
2.8739
3.0667
2.9108
3.6548
4.0273
2.2255
3.7460
3.4655
3.0390
2.2140
2.9111
3.6478
3.0413
3.7459
2.8770
3.5229
3.8985
3.4702
4.5823
3.1599
3.3387
3.4899
3.4416
3.7341
1.9270
4.0138
2.9180
2.4914
3.6392
3.3380
3.3048
3.1675
3.0482
4.1847
4.8808
3.5222
4.4263
3.5343
2.7433
4.1869
3.7788
3.4293
3.4634
3.5584
3.9236
3.9968
3.5728
3.0128
4.4402
2.8644
2.7011
3.7635
2.6367
3.9253
3.1940
3.9817
4.2427
3.9368
3.6883
4.2638
4.0390
4.3441
3.5702
2.6804
2.5220
4.2529
3.2493
4.8136
4.0218
4.6118
3.0594
2.9536
3.6495
1.9064
4.4133
3.7115
2.6131
3.0811
4.0288
3.1123
3.5789
3.8845
4.3917
4.2635
3.5770
4.2180
3.7143
3.5615
4.0021
3.7431
3.5775
3.1816
3.3557
3.0888
2.6844
3.7213
3.3144
2.6137
4.1396
2.9187
2.2321
3.9106
3.1404
3.7148
3.0542
2.2928
3.9412
3.6727
4.4992
3.6901
2.8642
3.2391
3.7564
2.5522
2.4305
2.4119
2.7750
2.0770
3.5284
2.8506
3.6545
1.9863
2.1313
4.3029
3.6893
3.3280
4.3477
3.9903
4.2201
3.9099
3.5293
2.9224
4.0655
3.6589
4.3558
3.7146
4.2132
3.5710
4.3963
4.3868
2.7574
3.2504
3.9849
2.3568
3.8511
4.1209
4.2112
3.6075
2.6985
4.2244
2.9317
4.1614
3.1167
3.7608
3.5236
2.1983
3.9629
2.7561
4.6460
3.3803
3.8871
3.4760
4.0379
3.4292
3.7529
2.2270
3.5484
4.3851
3.8743
3.9377
2.8869
2.6820
3.9588
2.9906
3.7426
4.5056
3.8651
4.2710
3.6118
4.3387
3.3210
3.7352
2.8614
3.9394
2.7636
3.6746
4.0989
3.5609
4.2067
3.3425
2.9312
4.0082
2.6425
4.0563
3.8925
3.8997
3.4939
3.3195
3.2067
3.1493
3.2179
4.1444
2.9871
2.8295
3.2871
4.0487
3.6055
4.3064
3.8025
3.2198
3.4835
2.7083
2.1920
3.0374
3.7718
2.3173
3.8218
2.9684
4.5262
3.7060
3.6014
2.0600
3.6434
3.9802
4.0735
3.1566
4.0082
3.2331
3.6765
3.0244
3.2403
4.3804
3.8928
3.1327
3.2951
4.5851
3.3842
3.8840
4.3253
3.3681
3.1043
3.3566
4.6784
3.0085
3.6678
3.3093
3.0415
3.2091
1.8268
4.2090
4.4572
4.0950
3.6336
3.8459
4.2096
3.6563
3.5636
3.4385
3.2081
4.4285
3.2220
3.9301
4.1493
3.8500
1.9450
2.4256
3.2196
2.9200
4.3318
4.2233
3.3707
3.6194
3.4265
3.0346
3.3308
4.2430
3.8434
4.6931
3.3905
4.5690
3.6382
3.9316
4.3300
3.3110
2.5556
3.7379
2.6514
4.0967
2.9784
2.7243
3.0168
2.8129
4.0668
4.2350
3.6210
2.6710
4.2170
1.6570
3.7404
3.8030
3.3353
3.9641
3.4424
3.2834
3.5924
3.6006
4.0131
4.1441
2.7682
3.7962
3.7162
4.4199
3.5061
3.9216
2.8615
4.1220
3.7066
4.3386
3.8345
3.7504
4.2727
4.4262
3.1824
4.1483
3.0032
3.8379
3.6360
3.7288
3.8099
3.8675
3.1280
3.6108
2.2819
4.0170
3.8576
3.6593
3.5155
3.0044
3.0298
3.1099
3.2476
4.7890
3.4540
4.1138
4.0407
3.3768
2.5370
2.9269
3.8697
3.2817
2.3789
4.1939
2.1236
4.3500
3.5257
3.3545
2.1436
4.3719
4.4049
1.9771
3.1349
3.7135
2.9789
2.8589
4.4531
2.3032
3.7285
4.4582
1.8955
2.3938
3.5606
3.8781
4.6941
3.2865
2.8445
3.5767
3.8651
3.5631
3.0136
4.2355
3.0032
2.9237
2.9383
3.3984
4.1464
4.1036
4.0242
4.5172
3.4701
3.6041
3.7336
4.1168
2.6541
3.0416
3.7887
3.8447
2.2615
3.8473
3.1520
3.6082
2.8944
3.2105
1.8683
3.8313
2.9346
3.4242
3.6022
4.2425
4.2066
2.4346
3.3663
3.6249
3.1372
2.7949
4.3156
4.4028
2.7318
4.0157
3.4714
4.0623
2.1929
3.8332
3.7611
3.7680
3.5927
3.8340
2.0721
3.6254
2.5676
3.9902
3.4354
4.0210
4.0632
3.9924
3.6261
3.1405
2.7792
3.4203
3.1838
4.3139
4.2053
2.7227
2.6026
3.6286
3.8510
3.7052
3.9923
3.5255
4.0813
3.1766
2.4671
4.3172
3.1566
3.5914
3.7678
2.5611
3.9862
3.3471
3.0274
4.0471
4.3521
3.9666
4.1552
4.3758
3.2247
3.8258
4.2999
4.0606
3.7487
4.1672
3.7340
3.4116
4.3831
2.8148
4.2403
3.8430
4.0118
3.9411
2.0150
3.7732
3.3589
3.6926
3.4843
3.5392
4.4403
3.0026
4.5906
3.8655
3.5351
3.8516
4.5087
3.4200
2.9826
4.3186
3.9158
4.4963
4.2232
3.7158
3.6881
3.7599
4.0296
2.1253
3.4819
3.8493
3.7867
3.0930
4.6704
4.2727
4.1236
3.6510
3.9771
3.3450
3.7394
3.1243
3.6880
4.2650
3.1146
4.0221
3.5848
3.2988
3.1138
3.2228
3.6711
2.7414
3.4135
3.7919
3.1068
4.4027
3.6792
3.1344
3.9249
3.5521
3.5557
3.0138
3.0824
2.9244
3.8465
4.4041
4.0040
3.8593
3.1177
3.7748
3.6375
3.7479
4.6083
4.0517
4.2980
3.2188
4.3665
3.1743
3.8393
2.0887
3.7326
3.2737
3.1777
1.7419
3.6594
4.1456
2.9890
3.5847
3.8313
2.9449
3.4359
2.4393
3.4470
2.1707
2.6884
2.8399
3.2840
3.3432
4.3184
4.0141
3.3196
2.9325
3.5043
2.9814
3.1852
4.8869
4.1814
2.8515
1.9468
4.0502
3.7059
3.5239
3.4731
3.8663
3.4572
3.7609
2.3020
3.1322
4.0516
3.9246
3.6719
3.4792
3.1810
3.1278
3.5858
4.4333
3.6841
3.1249
3.8866
3.2991
2.8813
4.1501
4.3856
4.2562
4.2066
3.4965
3.0549
3.7923
3.2481
4.4669
3.4794
3.4993
3.7020
3.0075
3.5463
4.0910
4.0646
3.9743
3.5850
3.2287
2.5104
3.2621
4.0497
3.5709
3.9330
4.8849
4.2412
3.4861
3.8686
4.5207
4.4006
3.0501
3.8099
3.6823
4.3816
3.6534
3.2431
4.0574
3.9881
3.6802
4.3016
3.4620
3.3287
4.0397
4.4709
2.6879
3.7936
2.9738
4.8173
3.3612
3.7675
3.3067
1.9773
3.2415
3.6553
3.2840
3.1728
3.4425
3.6534
3.2378
3.1695
3.8006
4.1614
3.6727
3.7096
3.8175
4.0465
3.0539
3.4958
2.2641
3.3912
3.0677
2.9957
4.1137
3.4689
3.4829
2.7227
3.2892
3.3875
1.9841
1.0000
3.7189
3.8090
3.4185
3.4561
4.4750
3.9291
2.3152
3.7225
4.4090
3.7528
4.2383
3.6959
3.2530
4.0081
4.1775
3.8412
4.3047
4.1088
2.3748
2.6547
2.9263
1.0000
3.8000
3.8992
3.6991
4.0595
3.5720
3.5966
4.0896
4.0485
4.1812
4.3517
3.0708
3.4291
3.7987
1.8997
3.7622
3.3745
4.1950
3.4812
4.0884
3.6715
4.5804
3.2376
2.6429
3.0725
3.0696
4.0874
3.4796
4.3616
2.3006
3.2721
3.9051
3.9407
2.8997
3.3992
4.2517
4.1063
3.0393
2.9717
3.1255
3.1037
3.9809
2.6455
3.7467
3.8051
3.4283
3.3770
3.9006
3.5564
3.1425
3.5086
3.7531
3.0198
3.5274
3.6537
3.8627
4.2635
3.6413
3.5808
3.8347
2.8328
3.2161
4.0940
2.2766
3.3241
3.5305
3.5887
4.3028
3.2625
3.1973
3.2488
4.1841
4.5899
4.0526
4.0589
4.5063
3.1918
4.5681
3.7291
3.3590
3.1085
3.4642
2.7351
4.0861
3.2806
3.9644
4.3975
2.4134
4.3795
4.2163
3.6920
3.9422
4.0143
3.2180
3.2423
4.2066
3.7627
3.5861
3.0499
3.6019
4.2297
4.0647
3.5503
2.8917
4.0366
4.3923
3.9938
4.2637
3.1161
2.5092
3.9000
4.0944
4.2748
3.1939
3.7254
4.1365
3.1631
4.2254
2.7648
3.8211
4.1880
3.7137
2.4684
3.3230
3.7051
3.8954
3.3957
3.7291
3.1477
3.0611
2.5576
3.9544
4.6680
4.0032
4.4927
2.9109
4.5922
2.3821
3.8031
3.0372
1.5841
3.2406
3.5884
2.8543
3.8550
4.3103
3.7328
3.6132
2.6631
2.3204
4.0564
3.8383
3.4782
3.6817
3.5860
3.9996
4.1738
2.0157
3.2845
3.9143
4.3052
3.4874
3.4446
3.4381
2.4132
1.7852
2.8735
3.3242
3.9608
4.1332
4.2954
3.3725
3.2241
4.1964
5.0000
3.9404
4.1821
3.9046
4.3833
2.2140
3.3032
3.7969
3.4428
4.4289
3.3261
4.2550
4.1484
3.8869
3.6754
4.0445
1.7609
4.1808
3.6989
3.3485
4.1436
3.5879
2.9030
3.8397
3.1913
4.0028
3.4302
3.0064
2.5405
3.8197
3.1232
1.8477
3.9234
3.2340
3.3282
3.1626
2.2384
3.6421
3.7933
2.9875
3.9274
3.7132
2.1828
2.9979
3.1347
3.8097
3.9525
4.0790
4.0692
3.3631
3.6374
4.0778
2.8162
3.7088
3.6269
2.1360
2.7826
3.8964
3.2262
4.1635
3.5900
2.9738
2.3031
4.0353
2.8031
4.0898
2.2958
3.3486
3.4550
2.1341
3.9478
3.7475
2.9503
3.5203
3.8230
4.0633
4.3226
2.9494
3.4170
3.8522
3.8436
4.0755
3.0234
3.8553
2.1522
3.4540
3.5281
3.6240
3.8219
4.3286
4.6938
3.0090
3.7579
3.2067
4.1145
2.7087
3.2817
3.7744
3.2422
3.3309
3.3715
3.7656
2.8037
2.6997
3.3303
3.3152
4.2421
3.3192
4.1644
3.6371
2.8376
3.2055
2.8058
3.3276
2.9609
2.3696
3.0900
3.4048
3.0411
3.5335
3.1524
3.8158
4.3590
3.6365
4.0399
3.9975
4.0217
2.7545
2.6372
3.4606
4.1208
3.5934
3.9829
3.6177
3.9308
4.4361
3.9534
3.8943
3.5396
3.1041
3.5954
2.9483
3.4410
3.7006
3.6342
2.0311
3.8158
3.1985
3.8607
2.9107
3.3670
3.4976
3.1670
3.0301
4.3875
3.4298
3.6324
3.5417
3.3941
4.7106
2.6288
3.1446
3.1659
3.4948
3.3134
4.1081
3.3650
3.7933
3.4080
4.2151
3.7478
2.9137
4.0459
3.8582
4.1699
3.0433
3.0171
3.3622
3.5282
3.6559
3.8921
3.8134
4.4023
4.1418
3.7608
3.5157
2.8329
4.1183
4.3687
2.2015
2.9665
3.6354
3.7645
2.8526
2.7798
4.3650
4.3089
3.5200
4.0646
3.7981
4.3871
3.4340
3.6848
3.2982
2.9425
3.5857
4.0271
3.3015
2.8843
3.9212
3.7541
2.8092
2.8057
3.4276
4.1318
4.1887
4.4114
3.5452
3.6287
4.0297
3.6454
4.5290
4.2804
4.2226
3.8541
3.0765
3.2206
4.7550
3.1871
3.5666
3.0905
3.6836
4.7985
3.3186
3.4266
4.2167
2.9433
2.9171
3.2661
3.4735
4.2622
3.2570
3.9931
2.6143
4.2590
3.6760
3.5055
3.3866
4.7113
3.3516
3.2488
3.5817
2.5172
4.0423
3.2934
4.1034
4.0276
3.5687
3.8303
3.1858
3.2990
3.3785
2.8875
4.0801
3.4664
3.1295
3.4285
3.1185
3.9745
3.7621
3.4798
3.6388
4.0554
4.0190
3.7464
4.1562
4.2218
3.3846
4.0074
3.2896
4.2875
3.3802
1.4728
4.3091
3.3674
3.9374
3.7177
3.4726
3.3476
3.8522
3.2423
2.8511
4.2461
3.5156
3.2729
4.2865
3.7517
2.9688
3.8430
2.8741
3.4086
3.8246
3.8177
4.1826
1.2762
3.7612
2.5952
3.9451
4.1490
4.4961
3.5439
3.3614
2.4785
3.3025
3.7176
4.0565
3.7597
3.4738
2.7442
3.5148
4.2636
3.2953
4.0073
3.9152
4.0404
2.4833
2.6005
4.3864
4.1437
3.2695
4.0700
3.1779
3.0904
3.0327
3.7030
4.3256
2.6583
3.1884
3.3570
3.4667
3.6067
3.4849
4.0735
4.4340
3.4496
3.5223
4.0614
3.8457
4.2391
3.8178
3.4629
4.0677
2.9688
4.2873
2.5401
3.5289
1.4393
3.4456
3.8704
4.3318
3.7970
3.3520
3.8295
2.8642
4.6854
3.6714
2.8785
4.5279
3.7231
3.5425
4.0337
3.4203
4.3481
4.0605
2.6634
4.1613
4.0688
3.9193
3.0808
3.4385
3.9190
3.6011
3.9732
3.4893
3.9792
2.0179
3.7447
2.8198
4.6361
4.1097
4.5764
2.9224
3.9546
3.4583
2.7075
3.8086
4.1831
4.3175
2.7556
3.2464
3.6395
3.6214
3.1664
3.7866
3.7756
4.1525
3.8843
3.0808
2.4733
2.9668
3.8277
3.2611
3.6374
3.7875
3.3902
3.7146
4.0031
4.1456
3.8217
4.3591
4.1319
4.3327
3.8818
3.3977
2.7019
3.6746
4.2413
4.3319
4.4272
2.8516
3.6427
3.6991
4.1689
3.5796
3.8340
3.0597
3.2419
3.4652
1.9583
3.8732
4.0111
4.6132
4.0006
3.5114
3.7552
3.4002
2.3222
4.3391
4.5708
3.8283
2.9035
3.7587
3.9104
4.2321
3.4268
2.9693
3.9748
2.8717
3.9187
2.0100
3.2974
3.3244
4.8454
3.0122
2.9735
3.1988
4.1442
4.4199
2.6969
2.9399
3.2530
3.4721
2.8621
3.6968
3.2529
3.6857
4.2978
3.9455
3.4853
4.2347
3.1039
3.4784
3.5868
4.1627
3.8266
3.2284
4.3816
2.7894
4.2392
3.1791
3.9007
3.9293
4.4335
2.9016
3.6960
4.1786
3.6201
4.8648
3.8592
3.3563
2.9547
4.2529
3.9117
3.3321
3.7226
4.0797
3.4208
4.6304
3.4917
3.2622
4.0184
3.7138
4.0320
3.6597
3.9824
4.4388
4.4526
3.3878
3.1147
3.2257
3.5706
2.8833
3.0669
4.1774
3.6396
3.7456
3.5381
3.3772
4.1900
1.3916
3.6430
3.6693
1.9939
3.2004
2.3476
3.2569
2.6325
3.4213
3.2994
4.2923
4.0085
3.7816
3.5104
2.9619
3.5594
3.8256
4.1089
4.4804
3.9024
3.6270
3.7329
3.9138
4.2689
3.3294
4.1101
2.5009
3.6300
2.9373
2.8944
2.9655
3.8875
3.7252
2.4594
2.7205
3.6935
3.5354
3.8064
1.9716
3.4866
3.7673
3.1141
3.6069
3.4179
3.2598
3.2215
4.4990
4.3729
3.1190
3.5699
3.4114
4.1527
3.2718
2.8381
4.2958
3.1027
3.7296
2.7716
3.0757
3.9986
4.6473
2.9900
3.6113
1.7312
3.2362
3.0006
2.7086
3.1483
3.6292
3.4908
2.3655
4.4898
3.4060
3.4683
3.3737
3.5923
3.2060
3.6961
3.9016
4.4816
3.3941
4.3435
2.8178
3.1399
3.8900
3.0287
3.1595
3.7834
3.6989
4.3700
4.1260
2.5677
3.6412
3.6219
3.1732
3.2340
3.4130
3.7786
4.0721
4.1869
4.0853
3.8988
4.3139
3.3931
3.4306
3.7223
4.3025
3.2932
4.1926
3.0341
2.9860
3.1544
1.7891
4.1415
3.3138
4.0788
3.6433
3.5686
3.9464
3.5458
1.4990
4.2819
3.7495
4.4540
2.3993
3.5532
3.7884
3.4131
3.8907
2.9458
4.1746
2.5728
4.5453
4.2254
3.3705
4.7827
4.1255
3.2862
4.2171
4.8146
3.6395
3.4319
4.4700
3.9624
3.3821
2.0126
2.9723
2.3081
3.5730
3.0304
3.9556
2.4726
3.4880
3.1124
3.3121
4.9507
4.4218
4.4373
4.2142
3.7226
3.1671
3.2979
3.4397
3.6158
3.7618
3.4933
3.9859
3.1138
3.8471
5.0000
4.1978
4.3588
3.9380
3.6638
4.3335
3.2817
2.9419
4.2399
4.0830
3.6914
2.7601
1.9016
3.9411
3.7354
2.7450
3.8511
3.9084
2.1865
3.3304
3.8918
4.1855
4.6644
4.1304
3.3749
3.0454
3.2191
3.2184
4.0183
2.1288
3.7588
3.6837
3.2821
4.4218
3.8280
3.2990
1.8893
2.5085
3.3061
4.1701
4.0664
3.4899
3.5187
2.4113
2.9516
2.2809
3.7746
2.5483
3.8204
3.5274
3.1868
3.9231
3.8563
3.1771
3.4895
3.9487
3.2464
3.2749
4.1245
3.7482
4.3036
4.1072
1.0722
3.7500
2.5685
2.6847
3.1297
4.4567
3.2336
2.9909
3.8593
3.4342
3.5717
3.4779
4.1248
3.4554
4.0128
2.8213
3.6035
3.3193
3.3469
2.8697
4.0842
4.6351
3.4666
4.0264
3.0680
3.4556
3.8143
3.9825
3.7000
3.3302
4.3288
4.3023
4.0542
3.3174
3.3276
3.7209
3.0789
4.5843
3.5589
1.7328
3.9503
4.3211
2.9554
4.1813
4.4587
4.0204
3.3215
4.1289
3.6899
3.2330
3.5552
2.9821
3.4461
3.4811
4.3561
3.0192
2.3531
2.9147
2.9062
3.0734
2.3959
3.4425
4.6546
4.5241
4.7152
4.0543
3.9432
3.9362
3.7980
2.3914
4.0155
3.1421
4.6722
4.0731
3.5632
3.1712
3.7655
2.7809
3.7326
2.3308
3.7013
2.8871
3.5772
4.5829
3.4322
3.2460
3.3728
2.0515
3.1143
3.7938
3.8802
3.6818
3.3558
3.5874
3.4481
4.3247
3.0469
2.6681
4.0499
3.3974
3.4576
4.6348
3.3863
3.0159
3.4617
3.6181
3.2614
3.1355
4.4301
2.6769
3.8364
3.5569
2.9328
4.1955
3.4321
2.9013
2.4432
2.7087
3.7763
3.7409
3.6558
3.8923
3.4669
3.5411
3.2045
4.0588
3.5394
3.6092
4.0845
4.1086
2.5642
4.1658
3.0099
4.1648
2.1010
2.7863
3.0992
2.1203
3.5516
3.3843
2.8905
4.1659
3.1775
3.4465
4.3339
3.9783
3.1119
3.5203
4.1848
3.3760
4.7652
4.2131
3.8527
3.5155
3.8718
3.6378
3.9105
3.4984
3.6754
3.7815
3.2157
2.9086
2.8734
3.5947
3.7270
3.9794
4.2021
3.6822
3.9653
3.7013
3.2595
3.7722
3.4563
2.7691
4.0414
3.2154
3.5412
3.4541
3.4692
3.5388
3.8951
2.9479
4.0444
2.5142
2.3690
3.6956
3.0603
2.9997
3.4049
3.1815
3.6277
3.0336
3.6064
3.4078
3.9392
4.4021
2.8571
4.3931
3.7650
3.4082
4.0604
4.3912
3.6204
3.3239
3.2337
3.1016
2.2081
3.0336
3.3074
3.7804
3.8831
4.0678
3.2760
3.5486
3.7833
3.5332
3.4300
3.3929
4.4191
3.6331
4.4239
2.9617
3.2764
3.0926
3.4914
3.7193
2.9760
3.1924
4.9379
2.7268
4.2608
4.0442
3.1740
3.6365
4.2364
4.4972
3.5522
4.0417
3.8083
4.5552
2.2456
3.2194
3.8488
2.8071
3.5132
3.9002
3.4684
3.7172
3.5746
4.2203
4.4131
4.0451
3.9327
3.6397
3.7099
2.8807
3.3700
4.4826
3.2297
3.5939
4.2156
3.7438
4.1395
4.0049
3.2581
3.3404
3.4330
2.9415
2.9916
4.4439
3.3576
3.9685
4.4523
4.0508
3.6165
3.3315
3.6775
2.6543
2.8149
3.2043
2.8979
3.7355
3.5066
2.6828
1.9949
4.1063
3.0563
4.0614
2.4728
3.7135
3.6884
3.4744
3.9415
2.3156
4.0816
3.1887
4.2546
3.2493
3.6576
3.4176
4.5581
3.3698
4.4194
2.8610
4.3098
2.1992
2.5397
4.5016
3.1819
4.6070
4.0759
2.4521
3.6366
3.8012
2.9197
3.3489
3.5917
3.5261
2.6429
3.7923
4.0419
4.4039
3.2453
4.5506
3.6791
3.5199
4.4689
4.1847
3.2555
2.9433
3.0882
3.2350
3.4141
3.4683
4.3186
4.7980
3.8104
3.8663
3.9747
3.3346
2.9298
4.4893
3.3208
3.4902
3.9210
3.0357
2.6148
4.0778
3.9787
3.7820
3.6094
3.3413
3.7899
1.7389
4.2046
3.0846
4.1949
3.4705
3.7107
3.7681
3.1278
3.0413
3.1122
4.0946
2.7924
4.2681
4.0707
3.4394
3.4161
3.2909
3.0625
4.2809
3.3421
3.0425
4.4170
3.9148
1.1756
4.0082
3.3159
2.8321
2.5967
2.6023
2.0060
3.6667
3.0404
3.7254
3.7259
3.6111
3.5233
3.8509
1.8816
4.0952
3.4890
3.9028
3.3176
3.7897
2.1322
4.0055
4.0795
4.2377
4.1055
3.5077
2.3292
3.3733
3.8319
4.1930
3.5437
3.3977
4.0195
3.7762
4.3201
2.5982
2.9670
3.0629
3.1307
2.7247
3.4491
3.6988
3.6202
2.8885
3.9967
4.3656
3.0664
4.2818
3.5434
3.3337
3.8697
3.4639
3.7030
3.2388
3.5425
3.5079
3.3147
4.0533
3.2168
3.0792
4.0690
3.0491
3.3583
4.0868
3.5853
3.6128
4.4309
3.9389
3.4291
4.1761
2.6718
2.6630
3.4645
3.7382
2.8600
4.1707
4.1431
3.8399
2.4760
3.1801
3.7318
2.9098
3.7211
3.9120
3.8334
3.2179
3.6904
1.8697
2.5756
2.7639
3.3633
4.3276
3.9444
3.4471
4.1487
4.0882
3.9572
2.4525
2.8536
2.8164
3.5153
3.3428
3.4119
3.2680
2.8825
2.7863
4.1565
2.5931
4.1694
3.8872
3.2024
3.9039
3.1175
4.4960
3.9685
3.7532
3.4900
3.8351
3.5243
4.2987
3.6286
4.1675
4.2409
3.8676
3.2980
3.6180
3.2383
2.8414
3.9125
3.2894
2.9140
4.5462
4.1849
3.8411
3.5771
2.9118
3.9846
3.8186
4.2427
4.5241
3.6965
3.4959
3.6456
2.3398
3.0338
2.5618
3.6110
3.9493
2.3069
3.8208
2.7244
3.5252
3.9537
4.2391
2.3682
3.7263
4.3025
4.2769
3.6653
3.8199
3.6295
3.6568
3.3303
4.2150
3.6549
2.2722
3.8913
3.5935
3.2449
4.2296
2.9345
4.1277
3.6396
3.4956
4.0828
2.9509
4.3791
3.3904
2.7657
3.4637
3.4532
3.1203
3.6202
3.9932
4.3502
3.7293
3.1284
3.0291
3.6565
4.1902
3.7455
3.0954
2.9879
3.9232
4.6817
3.9184
3.3900
3.6904
3.5755
3.2847
3.3533
3.5678
3.8987
3.9015
3.4979
2.8502
3.3108
3.6573
2.8827
2.8777
2.8351
3.3053
3.0973
3.4112
3.6480
3.6048
3.1066
3.6499
3.6849
3.4096
4.5024
4.0652
3.7760
3.8637
3.5977
4.3340
4.3469
3.8816
4.3610
4.2931
4.2490
3.1150
4.1589
4.8966
4.0298
4.0484
3.0750
3.2101
3.8855
2.8942
2.9159
4.0271
3.7913
4.3124
4.5197
3.3571
2.9561
4.0515
2.5230
3.2544
2.6366
4.1616
2.4346
4.1565
2.6548
3.0350
3.3295
4.0718
3.7146
3.3748
3.7954
4.8028
2.2762
2.7929
4.3353
2.6072
3.4302
3.0683
4.4216
4.0672
3.0936
3.7137
3.9744
2.9119
3.6934
3.6617
3.0966
2.8617
4.0266
3.3758
3.6420
3.9381
4.7295
4.5950
3.5635
3.3717
3.7595
3.7192
3.9980
4.3112
1.9375
3.7765
4.1203
3.7685
3.5971
3.9704
3.1353
3.7632
2.7789
2.4343
4.0321
2.7359
3.7181
3.7148
3.1665
3.2495
3.8183
4.4420
3.8596
2.3806
3.2565
2.6447
3.6861
3.8541
3.6348
4.0970
3.8981
4.0801
3.1623
2.3171
4.3351
1.9616
2.6139
3.4441
3.0642
2.9057
3.8208
3.8989
3.0452
4.3746
3.3889
2.8316
4.3669
3.3514
3.5545
4.0954
2.9895
3.4271
3.9608
3.8706
3.7688
4.6199
4.0973
4.1094
3.9800
4.2488
3.6966
3.1288
4.4906
3.7408
3.2513
3.1895
3.4778
3.6819
3.0487
3.7522
3.6110
4.7835
3.2384
3.5705
4.1516
3.8506
3.9663
3.8325
4.1957
3.6724
3.4663
3.8081
3.7897
3.5646
4.0490
4.0103
4.2092
4.4406
2.8518
3.5642
2.8479
3.5252
2.9370
4.2570
3.7143
3.1339
3.5114
3.2925
4.2529
3.6216
4.3130
2.3327
3.2352
4.2037
2.7945
3.6259
2.9000
2.3645
3.9879
3.4977
3.2836
4.1656
3.6444
4.3787
3.8538
3.7553
3.8585
3.0284
4.0442
2.5597
3.1001
2.9028
2.2356
3.4565
2.4407
2.9311
2.7299
3.7240
3.4417
3.8917
3.6102
1.6291
2.2105
3.5509
3.5720
2.5714
4.0367
3.5495
4.4538
4.8809
3.2729
3.3483
3.5438
3.5720
3.9725
2.9160
2.7725
3.7157
3.6688
3.7112
3.1171
2.7747
2.5303
2.9670
4.6660
3.9314
2.7997
3.5272
3.4327
2.6524
2.9353
3.5794
2.9724
3.3091
2.2986
3.3933
3.7416
3.9238
3.7587
3.5108
1.8791
3.2228
4.6003
3.8612
4.4336
3.7345
3.9661
3.3656
4.4095
3.6452
3.8515
3.5222
2.3891
3.8314
3.6507
4.3320
3.4662
3.8999
2.6732
2.9933
3.3585
3.5260
4.0531
3.4231
3.1695
3.6664
3.5533
3.4468
3.1482
2.8521
3.4255
4.2039
4.0957
3.5401
2.8909
3.0739
3.8105
4.1340
3.5952
2.6398
4.6127
1.7378
3.4516
3.0432
3.7102
2.0676
3.8943
2.5056
4.3369
3.8824
2.0886
3.9825
3.8806
3.9925
3.6738
3.9368
3.7211
4.0411
4.4077
2.6254
3.9104
3.2991
3.8851
3.5646
3.6262
2.5754
4.0778
4.2524
4.3445
3.8360
3.4786
3.7269
3.4046
4.3453
1.9147
3.2908
3.4621
4.3679
4.2904
3.3398
3.3703
3.4990
3.7097
2.3960
3.6694
3.3389
3.9003
4.3126
4.4785
3.7304
3.8729
3.7993
4.4230
3.1706
3.8879
4.0197
3.4806
4.5012
4.0843
4.2370
4.4887
4.0202
3.2680
2.9904
3.0523
3.4236
4.0152
2.7039
3.9092
1.8848
3.2560
4.0197
3.8872
3.8085
3.6281
4.6124
3.2496
3.2030
4.0069
3.7442
3.3387
3.9109
4.1140
3.9531
2.8143
3.5231
3.8901
3.6045
3.6881
3.4849
3.3742
3.9690
3.1409
3.5472
2.5408
2.7294
3.5402
3.7569
3.6950
3.6970
4.4736
3.4980
4.2584
3.9233
2.8361
2.8092
3.7711
3.9530
4.4292
3.5185
2.8379
3.0487
3.1610
3.2718
3.6091
3.6098
2.9708
3.9000
2.9207
3.9062
4.2587
3.2362
3.8288
4.3478
3.7050
4.0535
3.5796
2.8574
3.6648
3.1050
4.1225
2.5125
3.6051
3.5216
3.4180
3.1781
4.3570
4.3263
3.7347
3.5061
3.1807
3.9488
3.7946
3.0854
3.6399
3.0778
1.6113
3.7957
4.0288
3.7031
3.3639
4.0998
3.2374
4.2249
2.6539
3.5349
4.2934
4.1428
4.1499
3.3835
4.2193
4.0095
3.7207
3.5078
2.9381
3.7398
4.2972
3.8873
4.2649
2.9483
3.7581
3.2164
3.2543
3.1745
3.5715
3.6044
3.8015
3.4608
3.0508
4.2129
3.2932
3.7560
4.3087
3.6850
2.9218
2.8447
3.6977
4.1682
3.8706
3.4709
4.8114
1.9660
3.3641
4.0527
2.9729
4.1208
2.9110
3.6653
3.0891
3.9266
3.4135
3.6915
2.2639
4.0011
3.9028
3.7239
3.6766
4.2454
3.9762
3.8074
2.3697
3.0298
3.4682
3.7776
3.1851
2.4136
4.3268
2.9676
4.2990
2.7539
4.5644
3.4594
2.7271
3.8789
4.5439
3.7659
3.7680
4.1072
3.3623
4.5213
3.9643
3.7725
4.2688
4.0453
4.3464
3.8094
3.5033
3.9397
4.1100
3.3046
3.0682
1.7292
3.7123
3.9220
3.3712
2.6924
3.1014
4.2994
3.2309
2.8519
3.1187
4.6660
3.6003
3.0096
3.3220
2.8241
4.1336
4.2246
2.4712
3.2067
4.2227
3.1441
4.0563
3.2547
3.3029
2.7696
4.0209
3.8090
3.6829
4.6047
3.1564
3.1204
3.3650
3.4344
3.6817
3.3618
4.3942
2.8099
3.5047
4.5637
3.5903
3.8407
3.2382
4.4369
4.3451
3.1908
4.4835
3.8643
3.8905
3.2992
3.8852
3.2965
4.4578
4.0074
4.2681
4.3559
3.3698
3.6997
2.1690
3.9103
4.1289
4.3156
4.6308
3.6336
3.0985
3.2212
4.3119
4.9301
4.6099
4.2500
3.2365
3.5210
3.0074
3.9880
3.6828
4.4131
3.6525
3.9808
3.4430
3.9777
2.2900
4.1432
3.7139
4.4939
3.3019
2.4901
2.7567
3.3505
3.9965
4.3745
3.8015
3.8012
4.1105
3.3472
2.9699
3.9413
3.8451
3.1814
3.8183
2.5217
3.9278
3.3398
4.6916
3.7709
4.2480
3.5931
3.6829
4.4766
2.3836
3.0055
4.1920
4.2757
3.0930
3.9273
3.8397
3.1233
3.1953
2.7289
3.7293
4.4238
3.3684
4.1928
3.5711
3.2968
4.0402
3.2710
4.7384
2.6096
3.0211
3.3747
3.4062
4.0955
3.1487
3.9376
4.1088
2.4981
3.5545
3.8723
3.5156
3.7705
3.7650
4.5143
2.5477
2.8345
3.7934
3.3667
2.8045
3.4927
3.8912
3.6207
3.4201
3.0620
3.7146
3.5859
3.1968
4.0123
3.2949
3.7334
3.2206
3.9982
3.1704
4.4546
2.4465
3.5006
3.2708
3.1167
4.1396
4.1828
2.7759
3.7366
2.5391
3.1435
3.7162
4.0757
2.7024
3.9801
3.8937
4.2527
2.6162
3.2370
2.7331
4.2577
3.6806
3.3593
3.8254
2.8009
4.1382
3.2927
2.5824
3.2858
2.2106
4.2407
3.1624
3.3984
3.7427
4.4621
3.7146
4.0835
1.7253
2.7826
3.7394
4.5041
2.8402
3.3896
3.7325
3.2862
1.8833
3.9028
4.7935
3.8737
1.6431
3.8211
3.8939
2.4539
4.1034
2.9316
3.3886
3.7582
3.5926
3.9375
4.0330
3.7394
3.3609
3.7754
3.2592
4.1811
4.2648
2.9973
4.0579
2.6516
4.3028
3.2346
2.2238
3.5945
3.4019
3.6943
4.8192
3.3328
3.3933
3.3849
3.8683
3.0838
4.1803
2.6198
4.2160
4.4966
3.2010
3.7015
3.9245
4.2253
3.4481
2.8758
3.9140
2.8089
3.7648
3.7442
2.9012
2.9980
3.1421
3.7278
2.9275
4.3746
4.1435
3.5252
3.0237
3.5201
3.5620
3.3255
3.7991
3.0238
2.3472
3.4460
2.0903
3.0003
3.5602
3.2164
4.4891
4.3275
4.6234
3.2684
3.5184
3.9151
2.0125
4.0157
3.7051
2.5313
4.0469
3.6236
4.2211
4.2013
3.5091
4.2297
3.8496
2.7749
4.3877
4.1832
4.2739
3.5601
2.5342
3.0588
3.9908
3.9389
3.6227
3.4126
3.0908
3.2689
4.2022
3.6729
4.6060
4.7246
3.4669
2.9291
2.1633
3.3084
3.7254
3.9970
3.4791
4.2138
2.6585
2.8717
2.2750
4.2176
3.4753
4.0882
3.7826
3.0221
4.2908
3.2507
3.9805
4.2108
3.5538
2.5524
4.0461
3.3469
4.0932
3.9821
2.6009
3.3477
4.2587
3.5637
3.5628
3.7529
3.6826
3.6918
2.6804
2.6447
2.9898
4.0049
4.2213
3.1867
3.9359
3.0987
4.0843
3.8247
3.0122
3.5998
3.4865
3.3971
3.4409
2.5206
4.4274
3.9847
3.7901
3.9746
3.8929
3.9757
3.4529
2.7762
4.8614
3.9283
3.1552
3.7594
2.8042
3.3604
4.0219
4.3708
4.5165
4.4010
3.9670
3.3844
3.5911
4.0108
3.1461
3.9135
2.8727
3.9099
4.6355
3.9369
2.8948
3.4660
4.0970
2.2120
3.7284
3.7878
1.9066
4.2084
4.0839
3.5623
3.3974
2.7349
3.8964
4.0573
2.8849
3.9303
2.3284
2.8257
1.6250
3.6187
3.4064
3.4182
4.0703
4.4765
4.0802
3.7931
3.0080
4.0506
3.3978
3.6881
1.8698
3.2490
3.6641
2.9311
2.9798
4.0700
3.4598
3.9968
4.2314
4.0975
2.9740
3.3492
4.3201
4.1958
4.1942
3.2627
3.2480
3.3505
3.7648
2.8438
3.2846
3.9823
3.4715
3.2163
4.1908
2.3819
3.6797
4.1874
3.8329
3.2475
2.7113
4.0584
3.1679
3.9052
3.5711
3.6998
2.7135
4.1985
4.2104
3.4475
3.0958
4.0134
2.9901
3.0974
3.7252
2.1361
4.1388
2.9850
3.2063
3.3760
3.1296
3.7396
3.4146
4.1314
2.7153
2.2896
2.7405
3.5831
3.3377
4.3609
2.9460
3.5872
3.3039
2.9640
3.4389
3.3505
4.7491
4.1985
3.4381
3.9928
3.3278
2.7673
3.4429
3.2758
3.9523
4.1428
3.7621
2.9299
1.5306
3.3794
4.2005
3.6254
3.7870
1.8991
3.3949
3.1514
3.2403
3.6405
4.4236
2.6712
3.7450
4.2767
3.5766
3.1994
3.4948
2.7685
3.2622
3.8300
3.2308
2.7509
3.9710
3.5755
3.3928
4.0825
3.6210
2.9442
3.8302
4.0122
2.8890
3.7255
3.2796
3.8609
2.6200
3.4041
3.4645
3.1804
3.3911
3.1411
4.0852
2.9370
3.2421
4.0333
4.2831
3.5003
3.3781
3.9166
2.5999
3.4105
4.1238
3.2414
4.2323
3.6362
2.9513
3.2635
4.5303
3.1370
3.8426
3.4893
4.7361
3.5008
3.0642
3.6647
3.3576
4.0789
3.6075
3.6584
4.9155
3.6974
3.8727
2.1333
2.7943
3.6381
3.8331
4.0247
2.7755
3.7748
3.5168
3.4678
3.8598
4.0000
2.3552
2.4917
3.1442
2.8363
3.6279
3.1830
3.7887
3.6843
3.0892
3.6483
3.8808
3.5814
4.3829
4.2500
3.5316
4.0514
2.3684
1.9973
4.0296
3.2434
3.0456
4.2923
3.3510
3.6048
3.4720
3.5710
3.4975
4.0648
3.0546
4.3625
3.6213
3.4121
3.7028
3.4620
3.8931
3.7212
4.1641
3.7130
3.8944
2.8535
3.1371
4.2109
3.0163
4.0153
4.1266
3.1156
3.6900
3.2912
3.7984
2.8944
2.6671
3.3385
4.6070
5.0000
3.0477
3.8669
3.0908
3.3398
1.7293
3.6280
3.0498
3.8011
3.1602
2.6537
4.0135
3.7528
3.8874
3.4605
3.8056
3.3189
3.6226
4.2138
2.1892
3.4978
3.7559
4.4652
3.8650
4.7426
2.9203
2.7325
2.7639
4.2592
2.5690
3.1121
2.8553
3.5096
4.2414
3.3950
4.1548
3.0187
3.9944
3.2661
3.2252
3.4294
4.1541
3.7653
4.1171
3.2206
2.9074
3.9892
4.5003
3.4715
2.9148
2.7931
4.3392
3.8190
3.2695
4.1484
3.1665
3.2152
3.7288
3.8753
3.2368
3.6720
3.2425
3.7311
2.8406
4.3878
3.9873
3.9607
3.9584
3.2634
4.3560
3.6550
3.3272
3.9787
2.7800
4.0541
3.7430
3.7418
2.8217
3.4590
3.0101
3.8888
3.7127
3.4662
3.9758
3.7656
3.8908
4.7049
3.9580
3.1230
4.1017
3.1285
2.3410
3.9495
3.1844
3.5519
3.9853
3.1611
4.0814
2.9672
4.1308
3.5142
3.6009
3.5838
3.4839
3.5441
3.4763
3.9668
3.2051
3.8209
3.1351
3.0844
3.6493
4.1003
3.1056
2.6594
2.6700
4.2494
4.2589
3.3144
3.4661
3.0843
3.9115
4.3233
2.6048
3.0405
3.8930
4.3725
3.5646
3.4611
4.3183
3.9320
3.7874
3.8546
2.5457
1.0000
3.7879
3.6954
4.2599
3.5668
3.4755
3.2642
3.1897
4.0384
3.4427
4.4000
4.1673
3.7907
2.7966
2.7455
3.7473
4.3158
2.8650
4.1528
3.5447
3.9170
2.4847
3.3399
3.0335
3.4627
3.5585
1.5977
3.8910
2.4596
4.2750
1.4914
1.2349
4.4375
4.3036
3.8012
1.6928
3.0658
4.1983
1.0000
2.9090
3.6060
3.1990
4.1488
4.4254
3.3156
3.9641
4.2997
3.8774
3.4929
2.9580
4.6442
2.1247
3.3513
3.9366
4.4515
4.0179
3.9514
4.0877
4.0790
3.9191
3.7078
3.3452
4.6431
3.1799
4.0296
3.1165
3.6287
2.8152
3.7581
3.4910
3.1713
3.7861
3.5789
3.5430
3.7251
2.6488
4.0626
4.6613
3.5047
3.2569
4.2014
3.8931
2.2230
3.2179
3.8785
3.0625
3.6978
3.8981
3.7661
3.9263
3.2385
3.2946
3.8628
3.8695
3.2010
4.0142
4.1611
3.1382
4.2785
1.9750
3.2209
2.2109
3.3444
3.8941
4.2229
3.7156
3.1667
3.9742
3.3530
3.9843
2.9706
3.6672
4.1267
2.5612
3.4890
3.4647
3.6342
3.6160
3.7979
2.9590
3.5165
4.0045
3.8773
2.9941
3.7802
2.8740
4.3703
3.1364
2.5874
3.9199
4.1362
3.1217
3.3004
2.9500
3.2943
4.1336
2.7533
4.4912
3.9955
3.8436
3.7894
2.9638
3.3017
3.5740
3.6112
3.5320
3.2881
2.2103
3.5863
2.6515
3.8237
3.8623
3.3755
3.3465
3.3744
2.2182
3.7243
3.8495
4.0527
3.6936
3.5932
3.3423
1.8593
2.5814
3.2555
3.6531
2.8270
3.8600
2.8639
3.8539
4.1857
3.5551
3.5454
3.5827
4.4847
2.5452
3.5633
3.0257
4.0966
3.2147
3.6143
3.4708
3.9573
3.2505
3.9417
3.0926
3.4785
3.7047
3.7928
3.7032
3.7794
2.7184
2.7093
2.6977
2.9695
3.0047
1.5209
4.5245
3.5739
2.8188
3.5243
3.7498
3.5951
4.0964
2.1130
3.4470
3.8814
4.0533
3.1995
3.6002
3.7932
3.7421
3.3099
2.9318
4.4520
4.0266
3.9882
5.0000
2.4076
3.2658
3.9262
3.7496
3.5847
3.4254
3.4938
4.4481
3.2544
4.0475
2.2169
4.8835
3.0786
2.3395
2.8399
3.1104
4.0185
3.7696
3.6232
3.5081
4.0297
1.9523
3.0699
4.2637
3.8569
3.8742
4.0837
3.7428
2.9268
4.2799
3.1816
3.9212
3.1392
4.2819
3.0513
3.1371
3.0935
2.9702
3.4984
3.4992
3.5633
3.6107
2.9759
4.0413
3.1996
3.0360
4.4282
3.2622
3.7245
3.6214
2.8818
3.6996
1.8526
3.7995
4.4801
3.3938
2.7451
3.6423
2.7573
2.7681
3.0663
3.9872
4.0700
4.3780
2.6468
3.9071
4.4112
2.4575
3.9224
2.0294
4.0272
3.3877
2.0712
3.6831
2.9750
3.9031
4.0544
3.8206
3.1346
2.3458
2.8551
2.6505
3.3316
4.0380
2.0445
4.2542
2.6004
3.0091
3.3818
4.3064
2.2508
3.9039
3.5037
3.0201
2.4746
3.6784
3.9919
3.2222
4.1653
3.7348
4.2989
3.7234
3.1038
3.2770
3.7993
3.9150
2.2341
4.0944
3.1878
3.8670
4.2043
2.9170
3.6966
4.3405
3.8359
3.2665
3.8480
3.8893
4.4964
3.6877
2.8683
4.5024
3.0385
4.3555
4.6089
3.2378
3.6484
1.9466
2.6477
3.2935
3.6109
3.6805
2.9091
3.3367
3.8962
3.8527
2.0179
3.6128
3.2752
3.4913
4.0454
4.1477
4.3635
3.3614
2.5075
4.1445
3.8377
3.0360
3.3049
3.2043
3.9318
4.2617
3.2938
3.4103
3.5980
3.1652
3.6413
3.5771
3.2987
3.2332
3.4454
4.2440
4.2563
3.2122
4.1244
3.3561
2.3181
3.8755
3.1607
3.1094
4.4338
2.2496
4.3027
4.0755
3.6297
3.2123
3.7976
3.8742
3.1561
3.4043
4.3761
2.9240
3.1669
3.0579
2.2736
3.8742
4.1035
3.8759
2.4716
3.5363
4.4202
3.9344
4.7257
4.1002
4.6298
3.5042
3.9907
3.7767
4.4908
2.4190
3.4952
3.5058
4.4515
2.7846
3.3323
1.9452
4.4485
4.2513
4.8227
2.1797
3.2753
3.5100
1.9380
4.3634
4.0229
3.9176
3.5824
2.1210
4.4681
4.2738
2.8857
3.5392
1.6188
3.9433
3.6440
2.9107
3.5170
3.7639
4.1684
4.0832
3.7756
4.8387
3.3452
1.4641
1.7667
3.7322
2.4913
4.3330
4.8171
2.7197
3.9222
3.6986
3.3042
3.5635
3.7341
4.6204
4.0159
3.6194
3.8917
3.3117
3.1357
2.7827
3.4448
4.4756
3.3750
3.1887
3.6721
3.5794
3.5168
3.1737
3.2246
3.8251
1.7413
1.8121
3.7721
3.0005
3.5433
3.4969
3.4504
2.6087
3.5155
2.6366
2.8663
4.1158
3.8760
4.0468
4.0576
3.0969
3.7039
3.6277
3.1963
4.6766
3.1726
2.5694
3.5456
2.9562
4.3971
3.8967
3.2439
3.4371
2.9009
3.9227
3.2432
4.1703
4.0546
3.4756
3.7429
2.9768
3.6429
4.0086
4.0917
3.7939
3.8219
3.9877
3.0494
3.5733
4.2521
2.4286
3.3008
4.0182
3.5018
2.8843
3.4927
3.4471
3.6848
2.9644
3.2165
3.8762
2.2140
3.3873
2.9668
3.7436
3.6876
5.0000
3.7917
4.2136
3.2264
4.0323
4.1353
3.2663
3.2985
3.9989
3.5948
3.8795
3.6247
4.0807
3.9565
3.4329
4.1189
3.1205
4.2026
3.2309
2.6632
3.9529
4.2346
3.2376
4.2546
4.0232
4.1967
3.3471
4.1682
3.8587
2.8850
4.3180
3.9336
3.4371
3.2514
3.7466
2.8081
2.1463
4.3937
3.3362
3.8116
3.3943
3.2635
3.3357
2.4514
4.4101
4.1287
3.8913
2.8284
3.1786
3.3307
3.8497
3.4352
4.4057
4.2203
3.5998
3.7794
3.0897
2.8692
2.4178
3.4279
4.0020
3.3954
3.1562
3.3239
2.5679
2.8659
2.5930
4.0492
3.5440
3.0605
3.8181
3.1670
3.8714
1.9981
4.5055
2.7333
3.9804
3.0014
3.5238
3.6038
3.9113
2.1733
3.6898
3.2586
3.7590
4.5116
3.9070
2.3716
4.2603
3.7594
3.4030
3.5971
3.3229
4.6241
2.9928
2.6967
3.4801
3.5327
4.3228
2.7964
3.7287
2.2430
2.8229
3.5784
3.6485
3.8281
3.3529
3.6523
4.1687
3.4390
3.4080
2.9670
3.0465
3.5943
4.0561
4.7658
3.3343
3.2359
3.5708
2.9162
3.2867
2.0851
3.5045
3.1623
3.1269
2.9409
3.2192
3.6485
2.7411
1.9227
3.1851
3.4891
3.7787
3.6122
2.1897
4.0681
4.7475
2.7589
4.0580
2.4544
3.5042
3.6454
4.2159
3.7602
2.9213
3.1513
3.5454
4.1862
3.9762
3.9838
3.9510
3.4646
2.7621
3.0075
4.1893
3.1042
3.4369
3.5186
4.6647
4.7980
4.6139
3.4042
3.6129
4.0507
3.4291
2.7650
3.8435
3.7536
4.0056
2.3775
3.2352
3.2041
3.9706
3.2465
3.9745
2.9671
4.4233
4.0322
3.7606
2.7056
1.7044
3.6955
3.1391
3.4815
3.9526
3.2060
3.9453
3.7163
2.9400
2.4950
4.0196
3.9577
3.3108
3.4164
4.5178
3.1439
3.2050
2.9529
2.8997
2.3722
4.0197
3.3492
3.6934
2.8745
3.5753
4.2084
4.2560
2.5859
3.4585
2.7442
3.7731
4.1255
3.0596
4.4567
2.9967
2.8385
4.4226
2.7737
3.6604
3.7263
3.8814
3.9016
4.3178
3.6480
4.2557
2.9460
3.4225
4.0645
3.7677
3.8318
4.1075
3.6804
3.9521
4.3141
3.7872
3.6456
3.6510
3.7433
4.2478
3.6289
3.4459
2.8173
2.4703
3.5573
3.7216
3.2213
3.7655
3.7284
3.5241
3.2892
2.4742
3.8678
3.6985
4.0969
2.7230
4.6463
3.5830
4.1041
3.9698
3.1397
2.5924
3.5345
3.5981
2.5101
4.0310
2.2581
4.3720
3.0939
3.4910
3.2711
3.8062
3.9120
2.6870
3.5450
3.5248
3.8231
3.9638
3.9624
3.1509
3.9790
3.6309
2.6343
3.1203
2.9273
3.0536
3.1594
3.5625
3.5671
4.6798
3.8373
3.2646
3.7709
3.8003
3.2393
3.1907
3.8916
3.2653
3.6105
3.1566
3.1911
4.5359
4.0238
2.3038
4.2697
3.7354
4.1949
4.0174
3.6231
2.8884
3.5694
4.1217
4.3155
4.1620
4.1968
3.7910
3.8345
1.4283
3.8826
4.0552
4.0676
3.0637
3.9151
3.5665
4.3204
3.0509
3.1978
3.5097
4.4655
4.4485
2.8190
4.3017
3.4963
4.0310
3.5336
3.8788
3.9833
3.4180
3.1815
4.3081
3.4894
2.7850
4.3533
4.0824
2.7854
4.2074
4.1666
3.7632
3.5527
3.6634
4.0990
4.2578
3.3053
3.9125
4.4178
2.9593
3.5226
2.8506
2.3704
3.8359
3.9250
3.3144
3.2163
3.2212
3.9982
3.4071
3.4588
3.3708
4.1037
3.6225
2.3117
3.3727
3.8118
4.2497
3.3624
4.4907
3.0847
3.6340
3.2129
3.3441
3.4965
2.1412
3.7226
2.0110
3.9895
3.4145
2.7593
3.7167
4.1487
3.9404
3.4608
4.2079
4.2937
3.1655
3.4606
3.0947
2.4737
4.3402
3.1073
4.1982
2.6433
4.5809
3.7954
2.1224
3.3714
3.4656
3.4064
3.0900
3.7124
4.3534
3.2576
3.3817
3.5062
3.4874
3.7300
4.1018
3.2132
4.3744
4.3938
3.8930
2.7199
4.2747
4.1099
3.3975
3.3447
4.0131
4.0008
3.5353
3.9976
4.2812
3.4596
3.8534
2.4235
3.1348
2.0550
4.3601
3.5615
4.3556
3.7840
3.4117
2.8178
4.1129
3.9100
4.2467
3.7506
4.0544
3.7197
3.7003
4.2210
3.7382
1.5095
3.6823
3.1243
4.2565
3.4114
4.0841
2.8718
3.4573
3.3599
4.3560
3.1342
4.1599
3.5423
3.1776
3.6477
2.5699
3.5038
3.4383
3.5431
3.9668
4.1512
2.8495
2.8542
3.3621
3.7591
3.5633
3.2149
3.7355
2.9641
2.6089
3.4991
2.9986
4.0746
2.8648
3.0275
2.5228
3.5675
3.4084
2.8058
2.8515
3.5217
3.7741
3.8558
3.2175
3.8655
1.4815
4.3056
3.2867
3.9074
3.3384
2.6502
3.5892
4.0677
2.7829
3.3633
3.4930
3.3784
4.0714
2.9480
3.6226
2.9492
3.3127
3.3033
3.5263
4.1613
3.7279
4.0726
3.5110
4.0477
4.0143
4.4751
4.0359
3.3045
3.1880
4.0212
4.8032
2.5750
4.0490
3.7313
2.8852
3.8177
4.1423
3.4483
3.5650
3.5454
2.9989
3.5544
3.4717
2.4255
3.6333
3.4958
2.6407
3.9943
3.7494
3.5376
3.8410
3.4286
3.0693
3.1745
4.2635
3.1636
3.7010
3.2165
3.3859
2.6002
3.9711
3.7314
4.6969
2.6049
3.1165
3.4691
4.4988
3.7508
3.5970
3.8471
3.9903
3.7666
3.9124
3.2918
3.6102
4.7694
3.3435
3.7419
2.6757
3.2306
4.0953
2.7446
3.7399
3.5013
4.0039
4.1870
3.1272
4.2783
4.3810
4.6074
3.3002
3.6562
3.7865
4.0934
3.1143
4.2434
3.9357
3.6566
3.5168
2.3001
3.7904
3.8022
3.7951
3.1417
3.6540
2.5899
3.7175
3.8018
4.0857
4.9242
3.9863
2.7155
2.9102
3.7998
3.5715
3.8238
3.3393
3.2840
2.6025
4.3179
2.5768
3.4241
2.9208
3.6182
3.9923
4.0027
3.6914
3.4646
3.8159
4.0402
4.0564
3.5309
4.0699
3.8733
2.9938
3.6688
4.0065
3.6751
3.0183
3.3732
4.1832
3.5502
3.6949
2.8980
3.4552
2.9888
3.8664
2.7880
2.8964
4.1630
3.8145
4.4828
3.4831
3.3627
4.4711
4.5619
3.5681
3.2441
3.2879
2.3164
4.1558
3.8498
3.6448
4.3946
4.5001
4.3515
3.1974
3.8045
3.7832
4.3529
3.7579
2.6105
4.0071
2.3605
3.9454
2.3183
2.7996
3.1454
3.0397
4.2741
4.4237
3.3538
3.2906
3.5400
4.2173
4.4968
4.1566
4.1627
2.5560
3.6406
3.0400
3.8804
3.6358
4.0674
3.7828
3.7678
2.7648
3.1992
2.2009
3.7538
4.6676
3.0738
3.8924
2.4874
3.8731
2.9121
3.5092
4.1914
4.0869
3.9375
2.7662
2.4952
3.4031
3.3184
3.1989
3.7346
3.7017
2.9588
3.5065
3.5247
2.9406
3.0558
3.1277
3.0108
4.1920
3.5355
3.2555
4.2801
3.3219
4.0324
2.7277
3.2565
3.2334
3.7142
4.5102
3.9127
2.0268
3.9611
4.0850
4.2629
4.2729
3.1578
3.7383
3.8069
2.2173
3.1157
3.6507
4.0647
3.9343
2.6100
1.9213
3.9159
3.0608
3.3322
3.0298
2.5674
3.6991
3.8013
4.5413
3.5879
4.0765
3.4625
3.2805
3.3016
2.8590
3.4242
1.5732
4.2235
2.8203
3.5187
2.9784
3.5917
4.4470
3.6765
3.9953
3.1275
4.0119
4.8797
3.3179
3.8387
3.3581
4.1474
3.5392
4.1071
3.6557
3.5824
4.1266
3.8561
3.3901
3.2777
3.7130
3.8594
4.4294
2.5424
3.1803
4.3960
4.1243
3.2582
3.2999
3.0083
1.5182
2.9317
3.1729
2.9674
4.0909
3.4283
4.0749
3.2628
3.8674
3.0130
3.9084
2.9025
3.1909
3.6610
3.7927
2.7934
3.8411
3.6952
3.4740
2.9009
4.1576
3.2702
3.7932
3.9760
3.1600
4.0036
3.6170
1.8590
3.2059
2.9371
3.2686
3.6862
3.3998
3.8631
3.6595
2.9366
4.0174
3.6456
4.3500
3.2758
4.0250
4.0356
4.2473
4.3687
3.7695
3.9486
4.3483
2.0920
4.4665
2.6594
1.8450
3.0668
2.2838
3.4008
3.3319
3.8814
4.0858
3.0457
3.7336
2.6165
3.1657
2.7706
3.6243
2.6000
4.2285
2.4391
3.2692
3.0278
3.5649
2.8174
4.1136
3.6258
4.6721
3.8616
3.7438
4.5893
3.2960
3.2909
4.6450
3.4146
2.5881
4.0055
3.6953
2.9498
3.7927
4.2244
3.3549
4.2139
2.8790
2.9664
3.0628
4.1256
3.8836
3.1572
4.6774
2.7098
3.3110
3.2034
3.5321
3.3290
4.2746
4.3626
3.5133
3.9041
3.6111
4.6048
3.5158
3.4348
3.9544
3.0037
3.4375
3.5864
4.4194
4.1226
3.4648
3.7972
3.8623
3.2519
3.8583
3.3940
3.3307
3.6303
3.2968
3.8280
3.9060
2.9573
3.0658
3.9725
3.5107
3.9601
2.8624
3.7156
4.0820
4.0403
3.9078
3.6624
3.6261
3.9139
3.6496
3.5807
3.7635
1.9531
3.7269
3.8776
4.6288
3.2173
4.0752
2.5039
3.7892
3.2525
4.3817
3.6440
3.7076
4.0214
2.9615
3.0987
2.8535
3.5078
4.9285
2.7225
1.7977
4.0318
3.6041
3.1762
3.3721
1.6459
3.3483
3.6503
3.5948
4.0656
2.7195
3.7457
4.0703
3.3032
3.5851
3.8804
4.1603
2.8959
3.0822
2.5392
4.0347
4.5236
3.2134
3.9818
2.1143
3.0477
4.6596
4.0686
3.5798
3.8910
2.9143
4.3240
3.3407
4.0496
3.1628
2.6263
4.8507
3.5889
1.9992
4.0657
3.8381
3.5587
4.2262
3.3843
4.7045
2.7542
3.7668
2.9967
4.1774
2.6688
3.9781
2.2673
3.6424
3.2369
3.2579
3.9559
4.2988
3.9657
4.3140
3.0736
4.1197
2.8256
4.4181
3.9053
2.9559
4.7292
3.8798
3.3428
3.5556
4.0527
3.0436
4.1985
2.5259
4.5218
4.1766
3.8256
4.0769
3.1491
3.8514
4.0529
2.0121
2.4057
4.3039
3.4282
3.0810
2.9740
3.4550
3.2075
3.5746
4.0023
2.5840
3.2853
3.6823
3.7644
3.6937
3.8898
3.9788
4.3069
3.4885
3.7937
4.0875
4.1793
3.5185
3.6779
2.9276
3.6864
2.9263
2.7511
4.5487
3.0025
3.7528
3.1101
2.2144
3.2049
3.6833
4.0301
4.1217
2.3387
2.6463
4.2260
4.1373
3.8413
4.0554
3.3256
4.3762
2.6508
4.5200
2.6217
3.2000
3.6070
3.7882
4.0164
2.9945
4.6750
3.5421
3.8252
4.5210
3.4961
3.2266
3.1641
3.2420
4.2032
2.9941
3.6481
3.3726
3.2394
4.2475
1.8076
2.8345
3.2313
4.5035
3.9724
4.2340
2.7035
3.1227
3.4681
3.1323
3.9522
3.5529
4.2776
3.8440
4.0834
3.6661
4.1292
4.2586
4.6518
3.2792
4.0544
3.4912
4.4910
3.4679
3.1998
4.7070
3.4404
3.2869
3.3679
4.2833
4.0572
2.7191
2.7730
3.9526
3.5687
4.4850
2.2903
3.8721
2.3688
3.6408
2.0051
3.9677
3.7764
3.9994
3.7382
4.4662
4.3737
2.8356
3.6863
2.1415
4.2331
2.6942
4.3244
4.3998
3.9177
4.0672
4.0723
3.9917
2.9518
3.3904
4.0271
4.1294
3.2279
3.5231
4.6716
3.2739
2.5811
4.1635
3.1460
3.5532
3.4746
3.6543
2.2346
3.1955
3.1770
4.2270
4.2406
4.4851
4.0638
4.2333
3.6823
3.8758
2.7938
4.3712
4.5129
3.6277
4.1910
3.7189
2.3619
4.8686
3.8543
3.3353
2.8228
2.6368
3.2601
3.9972
3.5327
4.1298
3.3224
3.3991
4.4588
4.1067
2.8099
4.0562
3.5195
3.4320
3.3623
2.8838
3.2359
3.1097
3.8240
2.5558
3.9575
3.1480
3.0843
3.0554
4.0947
1.5598
3.6509
3.4506
3.4076
2.9960
2.4718
3.5134
2.6111
4.1895
2.9405
4.7497
3.3428
3.8581
3.7247
3.4234
3.9678
4.1244
3.6260
2.5931
4.1182
3.4694
3.6029
3.9528
3.5471
3.2968
3.4622
3.4665
2.8378
2.8254
2.5029
3.1612
4.4958
3.4882
2.7193
3.5070
3.1540
3.4717
3.2521
3.8256
3.3695
3.0907
3.2970
3.2419
3.9557
4.0932
3.0302
3.9613
3.8133
1.6711
3.1752
4.2920
3.7628
4.0899
1.9917
4.5837
2.4655
3.9682
2.9660
4.2356
4.0304
1.8478
3.0156
3.8521
4.6092
2.7885
3.7618
3.5829
3.7002
4.1657
3.1538
2.7534
3.0266
3.3028
3.2787
3.1431
2.6896
3.9389
3.6701
3.8360
2.9888
3.4304
3.2172
3.6646
2.7600
4.6980
2.3657
3.9889
3.3424
1.8217
3.0279
4.1067
4.0131
3.6413
4.3773
2.3585
3.3894
2.8268
3.5740
3.9294
3.0512
3.5333
3.2312
4.1768
3.7574
3.7377
3.3536
3.9256
4.1729
4.3767
3.2761
4.0207
3.5842
3.7069
3.8725
3.4370
3.4803
2.5546
3.6065
4.2194
3.1399
3.8016
3.5397
3.8119
3.2443
3.3625
3.8692
4.0596
3.8200
3.5216
4.1316
4.1830
3.9730
3.3852
3.3388
3.5180
1.7370
4.7861
2.0709
2.4812
4.0919
3.6290
4.0754
2.1745
1.8683
3.0979
3.7759
1.9000
3.6752
3.8375
3.4037
3.6012
3.7388
3.0257
3.7116
4.3978
4.5190
4.2970
2.6385
3.4520
3.4338
3.0478
3.7414
3.6849
4.2415
4.0081
2.7178
3.2650
2.7419
4.0706
4.5737
3.5159
3.9731
4.2210
4.5715
3.5979
4.2073
2.9456
3.9017
3.4937
3.4022
3.3240
3.5938
4.5592
4.0122
3.6528
1.7196
2.8519
3.8261
3.2803
3.1178
3.9040
2.7919
3.1649
3.2371
3.5190
3.5850
4.2876
3.5246
3.1973
4.0822
3.1231
3.6789
4.4703
3.8931
4.0975
3.0393
4.0460
3.6764
4.0462
4.0028
3.4920
2.9131
4.1419
3.1965
2.2401
4.4121
4.4101
3.3193
3.1881
3.1477
4.9495
3.9681
2.1564
4.1098
3.1601
2.7826
3.6323
4.2669
4.0763
3.8521
2.5360
3.9345
3.1388
2.0782
4.0732
3.9933
3.7408
3.6400
3.2522
4.1579
3.5176
4.3806
3.0509
2.9354
3.5163
2.7559
3.3954
3.0981
3.4994
3.8052
3.6522
3.9331
4.3015
3.1061
3.4116
3.5675
4.7379
3.1839
3.3937
3.2291
2.0763
3.1152
3.4337
3.8464
4.0768
3.6563
4.1878
3.3674
2.4218
2.8343
4.0151
3.6484
2.7544
4.2233
2.0036
4.7194
2.9984
4.1874
4.0416
3.2258
3.0104
2.4047
3.6330
2.8183
3.9496
3.9845
3.1171
2.9609
4.3678
4.0144
3.4963
4.0289
4.3445
2.2169
3.9906
3.2001
3.6087
4.0957
3.4983
3.4587
4.3052
4.2121
3.2748
3.5670
2.5028
2.7629
3.8254
3.8426
3.8495
3.1424
3.7804
3.7181
4.4902
2.8486
3.0085
3.6625
3.4453
3.3025
3.5267
2.5001
2.5416
2.4829
2.7617
4.1787
3.6852
2.8956
3.9546
3.2457
3.9053
3.5450
4.3444
3.5125
4.4202
3.8419
2.9051
4.1536
2.4631
3.8121
3.6842
3.8112
2.9187
2.3486
2.0284
3.2923
3.7020
4.2325
4.3622
3.5766
3.9954
4.0390
3.0485
3.9230
3.4203
3.8918
4.1315
3.7694
3.6518
3.5990
3.9504
3.4281
4.0796
3.0586
3.9325
2.5088
3.9059
3.6719
2.4793
3.4960
4.2734
3.7139
1.9550
3.7601
3.5110
2.7782
3.3183
3.5722
3.5226
3.8561
3.8794
4.2751
4.3511
3.9371
3.6118
3.7855
3.7486
3.4481
3.1418
4.0948
2.8279
3.8457
3.7052
2.3445
3.3043
2.9581
3.5254
2.6947
3.8148
2.6913
2.9608
3.6441
3.1993
2.8453
4.1772
3.9025
3.8298
4.7734
3.6806
3.9277
3.1744
3.4640
3.9264
4.2547
4.0951
4.3195
3.1008
4.3843
4.4472
2.8666
3.8581
2.9628
2.9989
4.1653
4.8131
4.0001
3.7221
3.6110
3.2358
3.5162
3.8059
3.5958
4.0799
3.6698
3.6041
3.8152
4.3654
3.5078
3.5026
3.7250
3.4710
3.9884
4.0207
3.4459
3.4227
3.7109
2.8281
2.8332
3.8635
4.0351
4.1557
3.7053
3.7592
3.8639
3.8092
2.5304
3.8468
2.4638
3.6129
3.1179
3.0758
2.6765
3.4965
3.4404
3.6772
3.7603
3.5270
3.7063
2.7074
3.9178
3.8102
2.9866
3.6922
2.9029
2.6886
3.7646
3.8445
3.9096
3.4608
3.5836
3.7664
3.8018
4.7662
4.1870
4.0056
3.5771
3.0438
4.0759
2.8614
4.0664
3.6054
3.6801
3.2703
3.8256
4.4647
2.8670
2.4520
3.5893
3.9452
3.3858
3.5424
4.2537
4.0311
4.0162
3.7646
4.2117
3.9542
3.6612
2.1808
3.3505
3.7675
3.8727
2.1914
3.7470
3.7478
3.0782
2.8588
4.0743
3.8178
3.6692
3.8798
2.7861
2.8557
3.2639
4.4023
3.6615
4.9063
2.8347
3.8887
1.7845
3.2104
4.2077
2.4212
3.9575
3.9053
3.6719
3.5637
2.0079
2.7542
4.4329
4.0309
3.3630
3.9995
2.3541
3.7635
3.9320
3.0906
4.1115
3.9739
4.6432
2.6797
3.9003
3.0431
3.8581
3.9511
4.0603
3.6672
3.3396
3.9499
2.3363
3.2909
4.0340
3.1214
3.9316
3.3761
3.9184
2.9317
4.1602
3.2391
4.2154
2.3427
3.2361
3.8231
3.0797
4.1520
3.3418
2.9653
3.6326
3.7742
4.2785
4.1621
2.9603
2.4012
3.9965
2.3618
3.3740
3.4913
3.2791
3.7156
3.7413
2.4080
3.6481
2.9857
2.8132
2.4824
3.6358
2.1933
3.6861
3.8683
3.9079
4.3951
4.6175
3.3233
3.8610
4.1883
3.4986
3.6003
3.6942
3.6573
4.0333
2.6230
3.9349
3.5496
3.6532
4.7657
3.0074
3.2199
3.4826
4.0101
2.7228
2.9549
2.9462
3.0018
2.3014
2.5572
3.8668
3.9584
4.0082
4.0747
3.4762
3.9774
2.6663
4.0403
4.0693
3.1050
3.7824
2.3817
4.1724
3.8998
3.3066
3.5166
4.0719
4.2747
3.5564
3.4795
3.2507
4.3538
4.2804
3.6103
3.6383
3.3862
4.2067
3.6961
3.4842
3.3833
3.5857
3.8013
3.6523
3.4289
3.3579
4.6373
2.6223
2.3624
3.7161
3.5963
3.9827
3.6869
2.0412
1.6848
3.9088
3.1896
3.9540
3.1080
3.2774
2.8180
3.3134
3.2898
3.1640
4.4858
3.5957
3.3497
4.2415
3.7441
2.7117
4.3277
3.9709
3.6835
3.7432
3.6531
3.7969
3.0539
4.1515
3.2967
4.2399
3.5157
3.3570
3.4619
2.5459
4.1516
3.5647
3.7660
3.3953
3.2060
4.7122
3.7931
4.0093
3.0732
3.2861
3.8235
3.2638
4.0865
3.2480
3.5291
1.9997
3.3996
3.0450
3.3883
4.3625
2.7431
3.2056
4.6601
3.6460
3.6027
2.5687
3.4714
3.2792
4.1219
3.3395
3.4669
3.4770
3.5203
3.9458
4.6305
3.4526
4.1227
3.4601
3.7884
2.9128
3.4251
2.9322
4.1242
4.3466
2.8035
3.4496
3.9648
3.6612
2.0890
3.0532
3.5891
2.9393
3.6198
4.0078
4.1548
3.1482
3.0437
3.5854
3.9612
2.8731
4.8395
3.1216
3.2799
3.5571
2.1888
4.6409
3.4143
3.8069
4.6385
4.0278
2.5628
4.2689
2.9078
3.6771
4.1324
4.1376
2.8696
3.1716
3.6619
4.0825
4.0567
2.4424
3.9336
4.0841
4.0534
2.7043
3.2301
4.3064
3.5753
2.9029
4.6225
3.6590
3.4819
3.9087
3.4502
4.1247
2.2160
2.7555
3.8641
3.7053
4.0374
3.3892
3.3183
4.0037
3.5555
3.5246
1.8194
3.3721
4.1978
3.6570
3.6957
4.4370
4.6963
4.2742
3.2779
3.5781
3.8206
4.2783
3.6861
1.6731
3.2336
2.6831
2.0383
3.1538
3.8516
4.1498
3.3298
3.8507
3.9321
1.9551
3.8131
2.8149
3.4686
3.3383
3.4998
4.1781
3.4901
3.2032
3.7732
3.3255
3.8694
3.6435
3.7337
2.5939
4.4359
4.1256
3.7791
3.8785
3.3739
3.5409
3.8640
2.0294
3.5604
3.9458
1.4544
3.5967
3.2540
3.9102
3.6832
3.4731
3.6250
4.0470
3.5318
2.2895
3.9041
4.0570
3.9798
4.2307
2.5775
3.3247
4.0166
3.2033
4.4872
3.2685
3.7513
3.5317
3.5635
2.7402
4.2980
2.9472
3.7896
3.8161
4.5650
2.1849
4.3674
3.8752
4.0238
3.2204
4.2095
3.0759
3.4188
3.2759
3.9958
3.5781
3.5646
3.3622
2.8851
2.9005
4.1338
3.1984
2.9396
3.4670
3.9595
3.9343
3.5753
4.3112
3.5901
2.3340
4.4232
3.7565
3.4877
3.4475
3.7397
4.3636
4.7646
3.8208
4.4391
3.0293
4.4153
3.4782
2.1340
4.2798
3.2822
3.1048
2.8462
4.5402
3.8448
3.2000
4.3612
3.6214
3.8439
2.9794
2.9854
3.7229
2.6103
4.1168
4.2714
3.8997
3.3134
3.3969
3.6049
4.3446
3.6593
3.3060
3.3710
3.7391
3.1680
3.5974
3.6387
3.9177
2.7045
4.2928
3.2289
3.0302
3.3628
4.1889
3.6233
3.2676
3.4665
3.8601
2.2496
2.6516
3.2305
4.2335
3.8995
2.0907
4.1792
4.0329
4.5672
4.1238
3.6255
4.0416
4.2840
3.7308
3.6297
4.0994
3.5227
4.0489
3.1823
3.6572
4.1085
2.6640
4.0423
2.8662
3.5866
3.2034
3.9451
3.7007
4.3468
2.4449
2.5103
3.2040
3.5433
3.9264
3.8426
3.3726
3.4671
4.3327
3.7204
3.4091
4.0832
3.4268
4.1647
3.7093
3.6228
2.3438
2.9094
3.7344
3.7915
3.4922
3.7356
3.9668
4.1502
3.5633
3.4324
3.5571
3.4076
4.3359
3.8310
2.6551
3.0630
4.3972
4.2751
4.0785
3.7854
3.9114
3.4663
4.2251
2.9107
3.1279
2.8035
4.0084
2.8634
4.0767
4.1506
3.1281
3.5363
4.5760
3.2756
3.3957
3.1827
3.0589
4.6782
2.9894
4.2922
3.7866
4.0234
3.6015
3.9827
3.8420
3.8794
4.3461
2.6065
3.6203
3.5209
3.4203
2.9715
3.7336
3.9675
3.1568
3.4277
4.4182
2.0479
3.0718
3.4635
3.5454
3.7480
3.2624
3.8954
3.2701
4.0193
3.9360
3.2602
3.2208
3.7912
2.1510
2.4565
3.8176
3.9204
3.5874
4.5849
3.6581
3.6291
2.9962
3.5768
4.0073
3.1928
3.5485
4.0373
3.9100
4.1036
2.8863
4.3150
2.9147
3.1414
3.0231
4.0370
3.1611
4.0316
2.9848
3.4906
4.1051
3.4648
4.1746
3.1350
2.9739
2.9927
4.0790
3.6755
4.3593
2.6299
4.2389
4.0376
3.8784
4.3639
4.4812
4.1536
3.7227
3.7944
1.0000
2.8236
4.0217
4.4554
3.3857
3.7345
4.2769
3.7055
3.8708
4.1440
2.7286
4.0327
3.5189
3.0788
4.4813
3.4581
3.4149
3.2519
3.2206
3.8933
2.2726
2.7364
4.2515
3.8697
3.5538
4.0676
3.8510
4.1355
2.1229
3.8877
4.0568
2.9135
2.3310
3.9188
3.8815
3.6133
3.7719
4.1330
3.3798
3.6397
4.3444
4.4514
3.9805
3.2856
3.1961
3.0851
3.5143
4.2817
3.6966
2.7020
3.4036
3.1732
4.3316
3.1704
3.6150
3.8896
3.6489
2.4938
4.0255
4.6082
3.6588
3.1457
3.1304
4.1243
2.9691
1.2789
3.4899
3.0162
3.5976
4.0636
2.2527
3.5581
3.8336
3.5221
3.0614
3.2906
3.9701
3.0497
3.9028
2.8946
2.4455
4.7630
3.9028
3.7812
3.8575
2.9752
3.8828
2.5834
3.8427
3.1433
3.6843
3.3731
3.5804
3.1122
2.2960
3.8696
3.8460
3.9768
3.7150
4.1037
2.9356
4.1073
4.2522
3.0648
2.8353
4.0608
3.2595
2.6566
3.5337
4.2197
4.3756
3.9243
3.4997
3.7119
3.3065
4.7045
3.8052
4.3561
3.0608
3.2842
4.2883
3.5507
4.1547
3.9293
2.6193
3.6488
2.4396
3.5993
3.5005
4.2516
2.4437
4.0098
5.0000
3.9077
3.7958
3.4017
4.7531
3.3858
4.4864
3.9594
3.4656
4.2565
3.3966
4.7347
3.8301
4.2321
4.1441
3.5949
4.0885
4.3665
3.7611
3.6530
1.8736
3.3476
3.4975
3.4581
3.3270
3.8604
3.4830
3.5700
2.8547
4.1118
2.4650
3.7406
3.9644
3.6870
2.2146
2.9931
3.4044
3.3882
3.6609
2.8771
3.6847
3.5101
4.2591
1.2507
2.8687
4.0886
3.7092
3.8340
3.9835
3.2625
3.0131
3.6822
4.2695
3.4902
3.6281
2.9507
3.3130
2.5611
2.1926
4.4645
4.2980
3.6110
2.8122
3.0714
3.4672
3.7848
3.8685
4.1024
3.9729
3.0663
4.3413
4.0291
3.1892
3.6383
3.3906
3.1587
3.1772
2.5711
4.2103
3.0553
4.1621
4.0615
3.5373
2.8421
3.4702
3.0225
2.9757
2.1517
4.5308
3.1595
2.7703
3.6897
3.3371
4.0057
3.7025
4.0057
3.2573
4.0268
1.7529
3.5020
4.4800
3.5774
2.3286
3.6992
3.0798
4.1725
3.9262
3.2862
3.8681
3.8056
2.0930
3.2934
3.7630
3.6323
3.2429
4.0851
3.7383
3.8273
3.1240
4.3028
2.3829
3.4496
3.4733
3.5533
2.7680
3.9324
2.2140
4.2141
3.8424
4.6553
3.5483
2.9048
3.7066
3.2750
4.2404
3.0851
3.5627
3.9372
3.5913
3.1932
3.2647
2.3558
3.9149
2.9365
4.5167
3.6287
2.9141
4.0243
2.5241
3.6903
4.4950
2.9594
4.0637
2.4740
3.0218
3.4422
4.0609
4.1478
4.0999
4.2916
3.4011
3.5590
2.5002
3.7510
4.1965
1.9208
3.8417
3.9507
3.7996
3.7907
3.7736
4.5187
3.9923
3.4382
4.0832
2.9478
4.0133
3.5487
4.6104
2.8487
3.8440
4.5652
4.3585
3.5197
2.3923
3.7166
4.1046
4.3261
4.6257
4.1134
3.5408
3.8944
3.7016
3.9351
3.1907
4.4048
2.6614
3.8337
2.1328
3.1486
3.7328
2.8083
3.4985
2.8253
3.2264
2.4277
3.3247
3.8191
3.5126
4.2449
3.1774
3.4179
3.0217
4.2171
4.6485
3.9884
3.0968
3.6448
3.4035
3.9760
3.9014
3.8838
3.4382
3.2945
3.7674
3.6648
3.5752
3.9774
3.4209
3.3761
3.1595
3.0224
2.3566
3.2174
4.0423
3.8889
3.6274
3.8755
2.5603
3.8909
3.8666
3.2523
2.8051
2.3225
3.7965
3.9894
3.6610
3.5319
3.3314
2.9234
3.6400
3.2064
3.9871
3.7408
4.7820
3.6970
3.8827
3.8978
2.5879
3.5736
3.3582
3.3829
3.5489
3.2497
2.6161
3.6664
3.8470
3.5713
3.8091
4.4163
3.4062
3.4976
3.4063
3.7899
4.3679
3.6724
2.7815
3.5391
3.8219
3.3670
2.6348
4.0119
4.1753
3.7838
4.4032
3.7514
3.8656
4.7356
3.2135
3.6714
3.4501
3.5612
4.4317
3.3978
3.7456
4.5706
2.0654
4.5692
3.4300
3.1789
3.2692
3.7775
3.4927
3.8407
3.9069
3.7906
2.9986
4.4772
3.2628
2.5550
2.7581
3.9729
3.9039
3.8286
3.8579
3.0503
3.9057
3.6576
4.4756
3.7438
4.3557
3.8953
3.4297
3.7079
3.9096
4.2910
3.9571
2.2766
3.9699
3.9243
3.6741
4.6793
3.3692
3.1590
3.9007
3.2162
3.2061
3.7758
3.0443
3.5539
4.4349
3.2583
3.3058
4.3208
3.1186
3.6748
2.1162
2.8756
2.7118
2.8612
3.8779
3.4903
4.3362
3.5793
3.1705
3.5469
4.1074
2.3186
4.3007
3.8822
4.2552
3.8750
4.1234
3.5072
3.0374
2.8534
2.8873
2.0574
4.1181
1.9241
3.4129
3.1650
3.9853
3.2588
3.2882
3.4140
3.6984
3.7403
2.9494
3.9893
4.0974
3.4743
2.6018
3.9606
3.9777
1.9627
4.2952
3.8888
3.7998
3.7510
3.5163
3.5140
3.9769
3.4956
3.7157
4.0950
3.0182
3.7828
3.5204
2.3912
4.4816
4.0217
2.6903
4.0447
1.6926
3.8617
3.7406
3.3181
3.9343
3.3418
2.2112
1.4729
3.9408
4.7677
4.2463
2.5940
3.2463
3.3300
3.6393
4.0541
3.3871
3.4665
3.5344
2.8150
3.3020
4.4277
3.0057
4.1886
3.9773
3.6920
4.4165
4.2396
4.1641
3.0308
3.1762
4.1451
3.3125
4.1017
3.9408
3.9396
4.6487
3.2639
2.9652
3.0775
3.7843
4.4229
2.9791
3.3650
3.0461
3.9493
4.0211
3.9057
4.0608
2.6835
3.2313
3.6044
3.3274
3.7340
2.3900
4.3466
3.7229
3.8850
4.2217
4.1970
3.2803
3.8468
3.4261
3.4082
3.8991
2.7492
3.2028
3.3959
3.7209
2.4125
3.4636
2.0499
3.9087
2.6939
3.9721
4.2072
3.2612
2.1936
2.3264
3.6564
3.9765
2.7180
3.4345
2.8157
3.6363
4.1975
3.8176
2.4310
3.5932
3.1492
4.4787
4.3600
3.0050
3.2663
3.3137
4.1796
3.3666
4.4166
2.7562
4.3033
3.7165
2.9868
3.6269
4.0278
3.9322
4.2554
3.3693
3.6226
4.5501
3.4972
3.8057
3.7589
3.0776
3.1824
2.2619
3.2418
4.0426
3.9847
4.0767
3.8575
3.4333
4.2746
3.7561
2.8541
3.6555
3.9145
3.2657
4.2431
3.6820
4.3577
2.6880
4.4416
3.0000
4.0787
3.6910
4.4769
4.6395
3.3434
3.3625
4.0548
3.5941
4.3606
3.8824
2.7103
3.6923
2.4054
3.6461
3.8135
1.7191
3.6268
2.7024
3.2740
3.3134
3.5562
3.5782
4.0506
2.5814
3.8417
4.0495
3.5655
3.1365
3.1837
4.4529
3.2656
4.0708
3.5161
4.1114
4.1506
3.0499
3.7745
3.7015
3.7842
2.9285
3.4627
3.8200
3.5862
3.8517
4.0409
3.4682
3.6450
3.7154
3.1125
4.1737
3.6679
3.8334
3.8500
4.3149
1.3709
3.1372
4.0400
4.1244
2.2401
4.2339
3.9610
3.4677
2.3925
4.0410
3.7614
2.1812
3.2719
3.9039
4.5407
3.7923
3.1129
3.2075
3.7334
3.8582
3.5548
4.0078
3.4570
3.9117
3.8651
3.7634
3.7047
3.3224
3.9051
3.4456
4.1275
2.0206
4.3160
2.9618
3.7883
4.0683
3.0384
4.2347
4.0579
3.7784
3.2010
3.9477
4.1486
3.2001
3.5929
3.1832
2.4489
2.8035
2.7831
4.1852
3.7556
3.4314
3.3892
3.2383
3.1815
2.6536
4.2409
3.5913
3.8037
3.0781
3.5577
2.7316
3.6126
3.6804
3.8137
3.4088
3.5762
4.2410
3.7574
3.6827
3.8933
3.4394
3.1311
3.8470
4.2174
4.3430
4.2902
4.0280
3.4995
3.4978
3.9246
3.4256
2.2859
3.9121
3.0611
2.9728
3.9724
4.0062
3.1290
4.0453
4.4413
2.5436
2.1761
4.2359
3.2354
3.1602
3.5634
4.3510
2.8454
2.9858
2.7245
4.1300
3.1453
3.8288
3.3013
3.3181
3.7846
2.3362
3.5813
3.7381
3.3980
3.5159
3.3301
4.7217
3.5402
2.7542
4.5696
3.8598
3.5183
2.7714
3.8857
2.8452
4.8292
3.7206
3.4160
3.4675
3.8629
2.8530
2.5279
2.8165
3.8197
3.0976
3.5875
1.7128
3.3281
2.9642
1.8876
3.5779
4.4351
4.0083
3.6560
4.5013
4.3161
3.5490
4.3191
4.1827
3.3284
2.9619
