4.0632
4.0432
3.7854
3.6269
4.0413
4.4587
2.3957
3.6688
3.9678
3.3737
3.3085
3.7817
3.6972
4.6273
3.1396
2.8709
2.7762
3.0559
3.6944
3.5753
4.2785
3.5547
2.8380
2.8115
2.9198
4.1377
3.9284
2.7525
3.5335
3.9932
4.2030
4.5731
3.7326
3.4903
3.0841
3.9550
3.8014
2.5513
3.2924
3.5290
3.5590
2.9818
3.3484
3.9109
4.0359
3.2850
4.0601
3.9441
4.3278
3.4683
3.6154
4.4510
3.7668
4.1971
3.9817
4.2018
3.9873
3.9434
4.0061
3.4732
3.9942
3.9160
4.1488
3.5474
3.8589
3.3154
3.1558
3.9184
3.3285
3.6507
2.6912
4.0965
3.6505
3.2538
3.1038
2.7380
3.3956
3.7843
4.2369
3.6706
3.1777
4.2678
4.4460
4.3398
4.5952
3.1816
2.8292
3.2178
2.3795
4.3219
2.9243
4.5215
4.2618
4.3930
4.2038
4.1241
3.3985
4.1117
3.2061
3.6264
3.9122
3.7368
3.7772
3.3017
2.8113
3.1150
3.2602
4.5252
3.9282
3.3035
4.1388
3.9288
3.0769
4.2535
3.4386
2.9406
4.2125
4.3119
1.9642
3.8451
4.0620
3.5717
2.7204
3.9074
3.1191
3.9542
2.8055
3.1338
4.2426
3.0460
3.3222
3.5921
2.7440
3.3942
4.2595
3.4322
3.7005
3.9267
3.9848
2.9677
4.1555
3.2247
3.6439
4.7503
3.8862
3.8163
4.0304
2.7896
3.0275
3.1140
3.8871
3.2623
2.4645
4.0196
4.3938
2.1877
4.0547
4.1115
1.7716
3.5161
3.1002
4.0092
3.6830
2.5369
3.5294
3.6722
3.4165
3.4662
2.1761
4.2552
3.5209
4.2042
3.7783
4.1987
2.7972
3.2037
3.0077
3.3844
3.8935
2.4534
3.2879
2.9817
3.6377
3.9315
4.2079
2.9608
2.7039
2.6429
4.0556
3.0955
4.2128
2.6938
4.2627
4.4652
4.4544
4.2530
3.1550
3.9999
2.8971
4.0384
4.3183
4.1596
4.6189
3.3350
4.2149
3.2113
3.1536
4.9143
3.6399
3.6688
3.4443
3.9901
2.3371
3.4607
3.6996
3.9363
3.6785
4.0079
4.0609
3.7649
3.6759
3.8562
4.0059
4.2896
2.8810
3.8831
3.2093
3.1451
4.2218
3.3870
3.9423
4.1602
4.2534
3.3046
3.3428
4.0729
4.0141
3.0944
3.9746
3.0442
3.1511
3.6234
3.6808
2.5063
3.9823
3.6264
2.8044
3.9990
3.5921
2.1156
4.1474
3.8735
4.4703
3.5247
4.0677
3.6006
2.2292
3.1209
1.8550
3.4932
3.9496
5.0000
3.6392
4.7456
3.5266
4.2054
3.6423
3.4753
3.4185
1.9534
3.4399
3.5188
3.8522
2.4245
4.0347
3.3964
4.4561
3.9884
3.2044
2.9748
3.7212
4.1605
4.1469
4.5021
2.1777
3.5997
3.4913
4.0840
4.0504
3.4121
3.4334
2.9887
3.2981
3.7560
3.4916
4.0820
3.9669
3.7482
4.4363
4.3023
2.3951
3.7170
3.5459
3.4168
3.1434
3.1291
4.0629
3.5384
3.0491
2.7742
2.8618
3.4506
2.7558
3.4463
3.9831
3.0290
3.4266
3.6354
4.3881
4.0201
4.0676
3.5713
4.1732
4.1906
3.6448
4.5560
2.5407
4.6511
3.0789
3.5301
3.6419
4.0322
3.7407
3.7338
2.1841
4.1722
4.4137
4.0451
2.6071
3.8436
3.3408
2.9250
3.2417
3.5345
3.0899
2.4825
2.9714
3.4656
2.5452
3.1417
3.3314
3.8548
3.3544
4.3413
2.7323
3.5910
2.1037
3.7366
3.6568
4.4923
3.0479
3.6638
3.4169
4.1414
3.4749
4.5115
3.1527
4.4478
3.4307
3.5825
2.9617
3.5211
4.5662
3.2572
3.1742
4.4732
3.7836
3.3942
3.4009
2.6378
4.1996
3.6117
3.4089
3.7876
3.7620
4.2674
4.3846
3.6270
2.9406
2.6522
2.6376
3.2084
3.9079
3.5044
3.4312
3.6829
3.2935
3.6051
2.6071
4.1753
2.8929
3.6621
3.6089
3.5979
4.5800
4.4398
3.9925
2.5677
3.6127
3.2134
3.4736
4.0859
3.5796
3.5514
3.5925
4.2993
4.2098
4.6203
3.7520
3.8206
3.8357
3.7703
2.9282
3.8743
3.0203
3.0694
4.0982
3.4808
3.3684
4.2256
3.5263
2.9465
3.3557
3.3534
3.7073
4.6664
3.9521
3.5058
3.1734
3.7314
2.8053
4.0135
3.5973
3.1136
3.1272
4.2801
2.6621
4.1298
2.9725
3.6414
3.7841
4.8198
3.9611
3.4696
2.8044
3.6183
4.2494
3.2223
3.0065
3.6357
3.5932
2.7005
3.0027
3.7418
4.2279
4.0695
1.9266
3.4849
4.0957
2.6887
2.9980
3.8876
2.8891
3.8983
3.7726
3.7946
3.7394
3.9722
3.3898
2.5108
3.6463
2.9397
3.6485
3.3574
3.5390
4.0329
3.7977
3.0944
4.1766
3.8983
3.5302
2.9078
3.6561
4.4492
3.9528
4.2293
3.6907
3.7532
4.2721
3.3409
3.7022
3.1909
4.9392
3.8145
2.9137
3.2631
3.9902
3.7369
4.7126
3.0069
3.6601
3.2914
1.7598
3.6960
2.6991
3.9268
3.9381
3.6527
4.4249
3.0506
4.0531
3.5246
3.7510
3.0386
3.6211
3.2868
4.1579
3.5968
3.3984
3.3993
2.9906
4.0642
3.5108
4.2618
4.3087
4.1449
3.9359
3.9558
3.7164
3.0286
3.8444
3.6588
4.1450
2.9170
2.8406
3.4101
3.7221
3.5420
4.0182
2.8817
3.5792
2.8292
4.0040
3.1739
2.7190
3.9879
3.9972
3.4535
3.9776
3.3348
3.8758
4.0995
4.1296
3.8947
3.7850
3.5051
4.1924
3.7293
4.3706
3.3878
3.7722
4.0426
4.4667
2.8915
4.3772
4.5095
4.0094
3.5639
4.0863
4.5629
3.4584
3.1667
3.9457
3.6639
1.9981
3.8365
2.3763
4.2038
4.1170
4.0134
3.7496
3.6722
3.9970
3.4628
3.9600
3.6743
3.7939
3.8028
3.4957
2.3299
2.6310
4.5172
2.6089
4.1018
3.3544
3.9173
4.3779
2.7226
4.4141
3.5171
4.1874
4.0159
3.7757
3.3391
3.7022
3.2705
3.8228
3.0882
3.7844
4.8875
3.1666
3.5157
2.3466
4.6553
3.6679
2.5475
3.6229
3.3630
3.3784
4.1745
3.9444
3.9089
4.0532
2.2420
3.7964
2.6206
3.7113
3.4491
4.4422
3.7936
2.4759
3.4774
2.7914
1.9111
3.8341
3.0254
3.2441
3.4896
4.0797
4.2429
2.4925
3.2366
3.9835
3.6361
3.5140
3.8876
3.5490
2.4411
3.8326
2.8674
4.1287
3.6780
2.9713
3.3450
4.1818
4.4772
3.9615
4.0729
3.0580
3.7784
4.0910
4.3955
2.7301
3.3088
3.1322
2.9834
4.3439
3.2982
2.6318
3.1724
3.0240
3.6118
3.5891
3.6579
3.3691
3.0522
3.3343
3.9824
3.8311
3.0771
3.3760
4.0458
3.8623
3.9904
3.7245
4.3689
3.9628
4.2646
3.0527
3.4762
3.1153
4.2590
4.4529
3.2806
3.6128
4.3164
3.6187
2.3350
4.1045
2.7420
3.2864
3.7723
4.1353
3.9689
4.3412
4.1394
3.8956
4.1452
4.2242
2.5435
4.1339
3.3576
3.9948
3.7815
3.5327
2.8447
3.6108
3.0971
3.7472
2.7819
3.2071
3.7437
2.7245
3.4331
3.7342
3.3490
3.1738
3.3949
4.1587
3.2217
4.7508
3.6940
3.3650
2.4961
3.6868
3.7877
3.1610
3.8901
3.6112
3.3265
4.1638
3.2639
3.9223
3.3143
2.5431
3.5844
2.3761
3.0758
3.9918
3.7888
3.7272
3.2701
3.6190
3.8796
3.2394
3.5717
4.3442
3.7847
3.8940
3.8682
3.7299
1.5103
3.8539
4.2793
4.0968
3.4893
3.2153
2.7157
3.7756
4.1921
3.4951
4.3138
3.2037
3.2356
1.3000
3.0329
3.2325
4.0202
3.6620
3.4824
2.0874
3.7338
4.1118
3.1096
2.7049
3.8016
4.0024
2.9638
3.5961
3.9716
3.6650
3.9083
2.3388
3.5671
3.3791
3.8173
3.1721
4.1305
3.4894
3.8035
2.9245
3.3500
4.1544
4.3693
2.5964
3.3857
4.6599
3.5447
4.0468
3.5086
3.4591
3.2431
3.9042
3.8885
2.5502
2.2930
3.7599
3.4940
3.4170
3.9494
4.0805
3.5900
3.2020
3.4619
3.5786
4.6027
3.4542
3.6033
3.5952
3.8244
3.4376
3.0551
3.9424
3.2081
3.5607
3.4515
3.7804
3.6204
4.2066
3.3883
3.8173
4.4221
3.0398
4.0630
4.9104
1.9296
3.7692
2.4224
2.4804
3.2987
2.8620
4.1895
3.9391
3.3325
3.8554
4.1247
3.8018
4.1045
3.6118
3.3306
3.7121
4.2184
3.0547
3.3482
3.2351
3.3198
4.2170
3.5430
3.5095
3.6341
3.6510
4.2598
2.2914
3.6695
4.4789
3.2171
2.7379
3.2485
4.1766
3.0693
3.8982
2.7379
3.4040
3.6844
2.8612
4.0419
2.8692
3.6291
3.6394
3.6310
3.7954
3.4130
3.1793
4.3399
3.6942
3.0220
3.9727
4.2318
2.9857
3.3577
3.6023
3.1730
3.4015
3.6312
3.5266
4.0743
3.2124
2.4416
2.1662
2.8803
3.8949
3.2896
3.1703
3.1943
3.0726
2.3882
3.6672
3.8613
4.1511
2.7555
2.8568
3.9815
3.2282
2.5582
4.1105
3.5766
3.9724
3.7445
1.9124
3.0559
3.4894
4.1177
3.2653
3.4244
2.3578
1.8128
3.5556
3.3607
4.3152
2.9669
4.6847
3.7508
3.9860
2.5208
4.4576
4.0721
4.1838
3.0025
4.1384
4.5248
2.8790
4.1561
4.3549
3.8415
4.0426
3.7879
3.2390
3.1742
3.5499
4.3107
3.7844
4.0910
4.2068
3.9093
2.5509
3.8579
4.0901
3.1139
3.9065
2.8168
2.7860
3.7304
4.2999
4.2670
3.3542
2.9579
2.6708
3.1710
2.6586
4.2031
3.0530
4.8000
4.3199
4.4251
3.5260
3.1607
4.0392
3.5564
3.6196
3.2040
2.3713
3.5871
3.5962
3.5190
4.0791
4.3140
3.7380
3.9787
2.8102
4.2970
2.6176
3.2886
3.2949
3.2487
3.3749
3.5156
2.8589
3.6286
4.3522
3.2567
3.6540
3.4814
4.7842
4.1531
3.7323
2.0428
3.5681
3.3257
2.9157
4.2138
2.8248
3.5325
2.8708
2.8817
3.9603
3.2707
3.9383
3.7181
2.2232
2.4219
3.6752
2.9497
3.7847
3.2799
2.8630
3.5149
4.6377
2.8220
3.0736
3.9169
3.5181
3.4128
3.3242
4.1496
2.6265
3.8834
4.0618
4.0662
2.1843
4.5419
3.8573
3.3585
3.5686
3.7975
4.1352
3.1412
3.9424
2.4366
4.1882
4.2559
2.5956
2.0046
3.2581
3.0644
3.3660
3.5026
4.2953
4.2318
3.6206
3.4417
4.1721
4.4419
3.2382
1.9312
3.2394
3.6357
3.2546
1.4480
2.7814
3.4604
4.0217
3.9058
4.9271
3.9373
4.8054
3.2046
4.0162
3.1746
2.8286
2.8446
3.7381
3.4876
3.8430
3.6567
3.4963
3.2268
2.7373
3.0888
3.8008
3.9792
3.8394
3.4432
3.6990
2.9926
3.7324
3.4761
3.5627
3.9352
1.7666
3.9115
3.5038
3.0566
3.2484
3.9382
3.6419
3.4149
3.7414
2.2157
4.3585
4.0616
4.0024
3.7510
3.9467
2.9234
3.3132
3.4706
3.7519
3.0304
4.4053
4.3130
3.8637
3.3935
3.9532
3.8170
2.5075
3.4209
3.2475
3.2915
3.1767
4.4129
3.4700
4.0479
3.0867
3.8721
3.9478
3.3111
3.4814
3.4668
3.2273
4.2750
3.2351
2.3932
2.7738
2.7997
2.9949
2.2873
3.8105
3.6172
2.9158
4.5959
3.0140
3.6705
2.7100
3.8786
4.1261
3.9714
3.9904
3.1485
3.6482
4.3444
4.0679
3.5501
3.1071
4.2012
3.3637
4.3207
3.1688
3.6376
3.1898
2.7252
3.2076
3.6971
2.8126
3.6775
2.9189
2.1724
3.5483
3.9834
4.4357
3.1325
2.8349
3.3040
3.8549
2.4553
4.3872
3.8114
3.8929
3.6169
2.5384
3.0180
3.9702
2.2168
3.8088
2.5846
3.2302
3.5651
4.0598
3.5361
3.6050
4.6455
3.4845
3.0062
4.1259
3.9066
3.8438
3.5672
3.3016
3.7277
3.7852
3.8587
4.1923
2.6628
3.9178
2.6382
2.7104
3.8352
3.3150
3.4388
4.7077
4.6110
2.9661
2.8268
4.7027
2.5386
2.3953
3.6347
4.2722
3.8466
4.1923
3.5610
4.1231
4.1644
4.1804
3.2938
4.0153
3.1682
3.4200
3.0175
3.3384
3.3109
3.4875
3.8797
3.8330
2.8857
3.6356
2.8088
3.0219
3.8329
3.9047
4.1516
3.2761
3.9102
2.8891
2.5987
3.4445
4.0988
4.6563
4.1891
4.2979
2.9532
3.8833
2.3244
4.1251
2.8918
4.0137
3.8172
3.3851
3.5271
3.5693
2.6252
3.4735
3.5474
4.0485
2.4087
4.2801
4.2950
3.8314
3.8529
3.9463
3.8177
4.2667
3.9700
3.6565
3.4248
2.5107
4.0204
3.8955
3.4200
3.4530
3.8889
2.5021
2.8216
2.4657
3.7522
3.3158
2.8752
4.2221
3.5988
4.6620
4.1819
4.0984
2.9633
3.9935
3.1391
3.9312
4.2111
3.3602
2.6959
4.1662
3.5212
3.3307
3.7070
3.3596
2.8275
4.1612
2.9901
4.6216
3.7384
3.0228
3.8092
2.8599
3.7752
3.1401
3.8114
3.1626
3.7938
3.5890
3.2466
3.5795
3.9426
3.4761
3.6644
3.9241
3.8285
3.2245
4.0408
2.6135
4.1236
4.1703
3.6271
2.8871
3.9085
2.7019
3.2767
3.0658
4.3731
3.9167
3.5317
3.5326
3.3946
4.3337
3.5557
2.6360
3.2646
3.0613
4.0615
3.3840
2.4650
4.3040
3.6458
3.9081
3.1659
4.0413
3.5731
4.3876
3.9785
3.1154
3.4436
3.7641
2.3347
3.4796
3.5385
3.3871
4.0567
4.1441
3.2282
3.2124
3.3225
2.8019
3.1190
4.1733
3.2435
3.6958
3.0104
2.5122
3.0416
3.8944
3.2401
3.3558
3.5463
4.3817
2.4084
4.0436
3.2867
3.8363
2.7212
3.6366
3.0966
4.0276
4.0031
3.1584
3.9751
4.0931
4.3051
3.3131
4.0231
2.6987
3.5485
2.0730
3.5398
3.7624
3.9890
3.6564
2.8181
4.4228
3.8046
3.7028
3.8807
4.2261
3.1553
1.9851
4.5306
2.3871
3.7975
3.8392
3.0774
3.9142
3.9712
4.2407
3.2226
3.2487
4.3972
4.1117
3.4273
3.0485
3.5661
3.4815
3.1765
4.2731
3.8678
3.8626
2.9692
3.9963
3.0336
4.3951
4.0612
3.7521
1.6968
2.4915
3.5421
3.1222
4.1264
3.9106
2.9548
4.3479
2.6078
3.9287
2.5299
3.8199
3.9041
2.9703
4.6650
4.0575
3.6481
4.0116
3.9733
3.3496
3.8175
2.2363
3.4514
3.7715
4.2170
4.2638
3.3645
3.8085
3.3960
3.8405
3.3801
2.7984
3.4165
3.1856
3.3859
3.7290
3.1329
4.0622
3.1019
3.6945
3.1187
3.6050
4.5185
3.2449
3.1402
3.3962
4.2381
4.2791
3.6933
3.6373
3.6390
3.4526
3.2790
2.8671
1.9786
3.3702
3.9627
4.5092
3.7805
4.2831
3.3847
2.1840
4.3822
3.9016
3.3726
3.8166
4.3283
4.0170
3.6943
3.9779
3.7789
2.3504
4.2815
3.7560
3.7136
2.9268
4.3283
3.5991
2.1011
4.1881
3.5368
3.0987
2.9974
4.4127
4.0714
4.3714
4.1866
3.5732
3.7134
3.7121
3.3778
3.7388
3.2801
3.6213
3.2076
2.9776
4.0462
4.1205
4.1205
3.0695
3.7336
3.7667
3.3497
3.9684
2.5507
3.9387
3.8049
3.9352
3.4989
4.6073
3.6469
3.5136
3.2274
4.6817
3.6985
3.6275
4.1486
3.4907
3.0853
3.9573
4.6220
2.8591
2.1519
3.5349
3.7517
4.0222
3.5359
3.7527
2.9568
3.7892
1.8053
3.9121
3.5926
3.4003
3.9357
3.0958
2.5926
2.5871
4.0024
2.9410
3.0749
4.3169
4.2933
4.1639
3.5975
3.7792
3.0557
3.8455
3.2868
3.5287
4.4551
4.0019
4.0371
3.4186
2.7798
4.0276
4.2636
3.5279
2.9489
2.7449
4.0905
3.1105
4.3304
3.4141
2.2772
3.4090
2.8994
3.4146
3.1619
3.0379
4.1283
3.7337
4.0145
4.0743
3.3755
3.6359
3.3472
2.9677
3.8812
3.1560
4.1923
3.9548
2.4705
4.1167
3.5530
3.7041
3.9138
4.2460
2.1443
1.4929
3.0700
3.2466
2.9711
3.6621
4.0486
2.4608
2.8308
4.0306
2.5250
4.0702
2.6309
4.4563
3.2664
3.5186
3.8079
4.1752
3.4262
2.9721
3.0271
4.1982
3.3304
3.2311
3.3327
3.5802
2.7715
4.2633
3.8727
3.0810
4.2937
4.1557
3.2855
4.0089
4.0121
3.1525
3.4338
2.6455
3.3507
3.9558
3.8749
1.9707
3.7717
3.7271
3.9180
2.8239
3.6689
4.2092
4.3923
3.5318
4.6032
3.5475
2.3931
3.4604
3.8512
3.3582
3.9842
3.5381
4.0884
3.6072
3.3055
3.3909
3.4505
2.5022
3.1609
3.1206
2.8231
3.0630
3.8143
3.8103
3.6156
4.2288
4.0375
3.6528
3.6302
4.7389
3.2051
3.8366
4.1357
4.1772
3.4758
4.1837
3.3682
3.3893
2.4582
3.3783
3.1995
3.9095
4.2318
3.6498
3.8104
3.5476
3.3856
4.2048
3.9536
1.2113
3.9603
4.0505
3.8809
3.8029
2.5946
4.1422
4.4992
3.4118
5.0000
2.2781
4.5964
3.2896
3.0922
3.9967
3.6014
3.3129
3.6083
3.0014
2.6334
4.0448
3.7344
4.4698
3.6658
3.9106
4.2125
3.0550
3.6752
4.2256
3.3151
3.9625
4.2029
3.4649
3.6850
2.7560
3.6599
4.1611
3.9058
3.3112
3.7498
3.5173
4.2372
2.2809
3.5899
2.4994
3.6850
4.1415
2.8407
3.3363
4.1416
4.1618
3.5667
3.2791
3.3357
4.2186
3.4710
3.7646
4.2269
3.8391
2.8936
3.4288
3.4197
3.5636
3.5814
3.7608
2.8889
4.5880
4.0706
3.3797
3.9899
3.6615
4.0415
4.4711
2.9603
4.2775
3.7996
3.5568
2.8723
3.5204
2.9685
3.3484
4.1784
3.0130
3.8214
3.3599
3.5292
4.2507
3.5571
2.4673
3.3480
4.5177
3.8668
3.2408
3.2999
3.0600
3.7589
4.3466
4.0397
3.3112
2.3275
2.9711
3.6452
3.7369
4.0263
3.9642
3.9071
3.6431
3.4533
4.0590
3.4058
3.3603
4.0920
3.5131
3.8940
3.4174
2.6731
3.7573
3.3723
4.6570
3.7728
3.5889
3.9681
4.0139
2.4025
4.8521
4.0013
3.4114
3.6065
4.4657
1.8666
2.5231
3.5041
3.0191
3.5153
4.2281
4.2764
3.0264
4.2480
4.1542
4.2216
2.8527
2.1749
3.9766
3.5977
3.4693
3.4436
3.2419
3.9234
3.6179
3.6338
2.9384
3.6474
3.5218
4.2121
4.8293
3.5024
3.0174
3.8276
3.1759
3.1850
4.4290
3.7407
3.9144
4.5733
3.0187
4.3104
3.1192
2.8146
3.4588
3.9699
4.3244
4.0684
3.9791
3.3642
2.9111
4.0571
3.1751
4.5730
3.7855
2.9125
2.4734
3.6580
4.4011
2.9145
3.6940
3.5682
3.0126
4.0165
3.7091
2.3540
3.6094
4.2143
3.5749
3.5585
3.7204
2.9565
2.6142
3.4473
3.0456
3.3315
3.6551
4.0235
2.6202
3.6280
3.3755
3.4114
4.7308
2.7391
1.9886
3.6516
4.1813
3.8962
2.3939
4.2915
3.6699
3.4096
3.6497
2.9083
2.7217
2.6198
3.1369
3.2127
3.1423
3.8953
3.9493
3.4065
3.3002
4.0500
3.1974
2.2863
4.0397
3.7801
4.6556
3.9884
3.5115
3.6076
2.5918
2.8825
2.8010
2.7740
3.9577
4.0076
2.9793
3.4210
2.6642
4.4512
2.5919
3.2807
3.3030
2.9346
3.4509
3.8158
4.1005
4.1294
3.3714
3.9718
3.7386
3.1957
4.0157
3.2676
3.7970
4.2913
3.7762
3.2841
4.3874
3.4589
3.1818
3.4124
3.8251
3.5810
3.9436
4.1795
4.2942
3.3328
1.4472
3.9350
3.1996
4.4601
3.2193
4.2202
3.2637
1.6745
3.7376
2.3233
3.1464
3.0651
3.6286
3.8119
3.9127
2.7354
3.9056
2.6997
4.1179
4.6630
3.4513
3.0101
3.0434
3.8226
3.4638
3.6736
3.3929
3.7864
3.0661
3.7341
3.2073
3.0392
3.8695
3.8966
3.6264
4.3063
3.1030
2.9110
3.1946
4.1680
4.3512
3.8500
3.6695
3.4194
4.2811
3.6330
4.5868
3.6818
3.3682
3.3040
3.3598
2.9703
3.7906
3.1186
2.7690
2.6134
2.5549
3.7029
3.2729
3.5921
3.6578
3.4940
4.4688
4.1288
3.9393
3.7821
3.2176
3.2296
3.1298
4.2220
3.9371
4.6935
3.0656
3.3238
2.1557
4.1253
3.7189
2.3249
3.9950
4.1492
3.4626
3.4350
3.3403
3.2868
3.2348
3.3383
3.2746
2.9589
2.5046
3.7203
4.0101
3.5967
2.9719
2.7105
3.9881
3.0986
2.1308
3.6776
3.8151
2.4396
3.8665
3.3873
3.3762
3.1171
3.3621
3.3760
3.7560
3.6836
3.9120
3.5839
3.0362
2.9142
2.4180
2.7741
3.8212
2.9442
3.6040
3.9267
3.0961
2.9353
2.7318
4.0240
3.3333
3.3748
1.7205
4.3109
3.9548
3.3470
3.5453
3.6227
4.0232
3.9603
3.3694
4.0396
3.5546
3.0388
3.6346
3.3849
3.2019
3.9063
3.2225
2.8481
3.5216
2.6681
3.3830
3.8542
3.6422
4.1228
3.5183
2.4614
3.9727
4.4298
3.8130
4.0514
4.2500
3.2599
3.5055
4.7533
4.1542
2.9867
2.6600
3.9488
3.9649
3.4332
2.8867
3.4380
2.3908
4.5786
3.2828
2.7824
3.6793
2.7798
3.1695
3.2876
3.8127
3.5303
3.3752
2.8427
2.9803
3.9728
3.8902
3.2812
2.0292
3.2430
3.9890
3.0566
4.2003
3.9265
3.3321
5.0000
3.7351
4.0935
3.2564
2.4456
3.3704
3.5876
2.9900
4.0179
3.0013
2.7453
3.7253
2.9341
3.3948
1.0000
3.7169
3.0729
3.2979
3.0237
3.4625
1.7593
3.8594
3.6447
3.7000
3.8302
2.6648
3.6353
4.1362
3.2132
3.8109
3.3768
4.2601
2.8623
3.8805
2.0869
4.0963
4.3393
4.1347
2.5712
4.2379
3.2136
2.7261
4.1291
2.8077
4.6312
3.6811
3.0594
3.2584
2.9171
4.0988
3.3633
3.9364
3.7359
3.0437
1.8099
3.7672
3.6367
2.8201
3.7891
3.9366
4.4325
3.9424
4.3067
3.1577
3.5044
3.9454
2.7303
4.3144
2.9342
3.5853
3.0809
3.4595
2.3800
3.7776
2.6842
4.1752
3.6971
3.4654
3.7710
3.2313
2.3088
2.3429
3.1370
3.6796
3.3949
4.1274
3.6082
3.2578
4.3299
3.7172
3.6066
2.4059
3.7172
2.9225
4.1583
3.7307
3.0684
3.5741
3.5503
3.4396
3.9013
3.6636
3.4273
2.6642
2.6984
3.3561
2.2525
2.8779
4.5193
3.0048
1.6114
4.6627
3.2254
3.5303
3.1287
3.1480
1.6314
3.8389
4.2662
3.8477
3.0481
4.2350
2.8611
3.3700
3.7767
3.7102
1.4961
4.5631
2.9396
3.6203
3.1585
2.7507
2.8899
4.1339
3.6510
3.1008
4.2795
3.3705
3.6118
3.0662
3.7611
3.9974
3.8018
4.0531
3.3949
3.0935
3.2800
4.6291
3.3182
4.0013
3.0575
2.8115
3.8062
3.3707
3.2881
2.8112
3.4625
4.0062
3.9239
3.4868
4.4558
3.5685
3.1311
3.8002
2.8330
3.6885
2.9115
3.4609
3.6211
3.0602
2.4821
4.3987
2.1113
3.5878
4.5809
3.0070
2.3297
3.3603
2.6990
2.8850
4.3866
3.4708
3.8282
3.5559
3.6494
2.9563
3.9439
2.8461
3.6211
4.1482
3.7103
4.2453
3.1310
2.1666
3.4963
3.3787
3.8352
3.5580
3.1756
3.5809
3.5013
3.8927
3.9866
3.0353
3.9140
2.2842
4.1589
3.1885
3.7835
3.7123
4.2562
3.0748
3.8185
4.1202
3.8060
3.9977
3.4340
4.2656
3.9796
2.0952
3.2212
3.8120
4.1177
3.8434
3.0321
3.6410
3.6737
4.4915
4.1668
4.0304
2.7487
3.0746
4.5775
4.0651
2.0800
3.5224
3.7897
2.9537
3.1945
3.9679
3.6908
3.7367
2.3509
3.0804
3.8734
3.9312
3.4580
3.9918
3.0770
2.9379
3.9775
2.8494
3.3226
3.7269
3.7632
3.8640
3.7544
3.4817
3.7875
3.9458
3.7481
3.2173
4.0643
3.9839
3.4902
3.7086
2.5799
3.9177
4.3300
3.4544
3.1731
3.7936
3.5707
4.0333
4.2091
2.5227
4.6799
4.2072
2.8265
4.0303
3.3961
2.4621
3.5172
3.8347
4.1672
4.4982
1.8416
3.7388
4.3820
4.3416
3.1556
3.4955
2.0689
3.8076
3.6319
3.9866
2.9590
2.8990
4.1230
3.9697
3.2137
3.7049
4.5314
3.8324
3.5183
3.6483
3.7984
4.1565
3.2354
3.6765
3.1650
2.7431
3.7443
3.4398
3.8586
2.1349
4.4333
4.5000
3.9945
3.4191
2.1635
3.3928
3.7218
4.2094
3.6931
3.9514
3.0400
3.3264
2.8644
3.2005
4.4882
3.8242
4.9790
4.1233
4.0481
3.1550
3.8287
3.2742
4.2914
3.5003
3.7029
2.5629
3.6286
2.4408
3.7761
3.9673
3.7915
3.3539
3.0346
3.5723
3.2857
4.4013
3.4535
4.6148
2.7705
3.8828
3.6922
2.9462
3.5636
4.1697
4.0386
2.4109
3.9275
4.1161
4.3756
4.1413
3.3660
2.6767
2.2803
3.4278
3.0869
4.1798
3.3761
3.2041
4.2508
2.9465
3.6190
2.9589
3.2654
2.2362
4.3429
4.2565
3.5736
3.5425
3.3499
3.7226
4.3514
3.7285
4.6317
3.6652
3.3294
3.2871
3.2737
3.3194
3.9603
2.8631
3.6136
2.9190
2.0549
3.4172
2.1388
3.2445
3.5023
4.2334
3.2599
3.1716
3.1854
3.8318
3.5518
4.2375
4.1471
3.1248
3.6238
3.8921
3.7049
2.9616
3.1589
3.5262
3.8754
3.8248
3.2219
4.1660
3.4270
4.4212
3.7879
3.5042
3.7246
2.4711
3.0775
3.3498
4.1829
3.4620
2.1454
5.0000
3.1425
4.1512
3.9925
3.7758
3.9091
3.6880
3.4555
4.0126
2.5213
2.8586
1.9382
3.4430
3.8845
2.8471
3.8187
4.4859
4.4658
3.7804
3.1820
1.6626
2.5056
3.7767
3.5829
3.6875
2.8514
3.5564
3.7420
2.3892
3.3757
2.6434
4.1765
3.5059
3.3641
4.4363
3.9217
3.9254
4.3865
3.8551
3.5845
3.6220
2.7843
4.2349
3.9660
3.3670
3.9081
3.3555
3.1450
3.5538
3.3874
3.9750
3.0768
2.0894
4.1972
3.4188
2.7086
4.2957
3.3004
3.2349
2.8736
4.1173
4.3790
3.8723
2.7356
4.0308
3.5217
3.6810
2.9175
3.2059
3.4659
3.7196
3.8485
4.4646
3.4751
3.9078
2.6060
4.0126
3.5987
4.2802
4.1641
4.7623
3.5316
4.2810
4.0643
3.6705
4.0977
4.0329
3.4970
3.3320
4.2328
3.5724
3.1037
3.2528
3.7544
2.9941
3.5274
3.0186
3.6653
4.0514
2.1354
3.7015
3.5835
3.0212
2.1777
2.9365
3.5788
3.0811
3.6871
2.8877
3.4783
3.8072
3.4431
4.6057
3.3231
3.3027
3.4561
3.3623
3.6840
2.2497
3.9738
2.9603
2.7028
3.4813
3.4512
3.3342
3.1940
2.6288
4.0793
4.7666
3.5440
4.4330
3.4892
2.8295
4.1090
3.8983
3.4577
3.3673
3.4634
3.9941
3.9993
3.6295
2.9565
4.4607
2.8915
2.9165
3.9146
2.4907
3.9444
3.0537
3.9415
4.2344
3.9137
3.6761
4.2037
4.0721
4.3799
3.7150
2.6003
2.5632
4.1782
3.3435
4.8100
4.0726
4.7022
2.9417
2.8674
3.6819
2.0137
4.3647
3.7340
2.6410
3.0892
3.9446
3.1168
3.3926
3.8708
4.2713
4.3070
3.5696
4.1418
3.6360
3.5761
4.0744
3.7858
3.5183
3.1776
3.3042
3.0668
2.6831
3.7814
3.3468
2.6891
4.0990
2.9229
2.2989
3.8135
3.1222
3.6908
3.1721
2.2937
3.9766
3.5418
4.5043
3.6093
2.8977
3.2841
3.7981
2.8216
2.3965
2.4233
2.8495
2.1906
3.5368
2.8669
3.5873
1.9961
2.3914
4.4688
3.6471
3.0534
4.3394
4.0275
4.2632
3.8473
3.3724
2.9522
4.0579
4.0510
4.3152
3.6876
4.0824
3.5201
4.3480
4.3722
2.8659
3.3551
4.0233
2.3970
3.8096
4.1000
4.2478
3.4811
2.6629
4.2447
3.0252
4.1556
2.9899
3.6202
3.3919
2.0887
3.9033
2.5454
4.5960
3.3967
3.8468
3.5865
4.0908
3.4381
3.8217
2.4185
3.6121
4.2988
3.9988
3.8309
3.0008
2.5536
3.9573
2.9371
3.7481
4.5016
3.9134
4.2091
3.5857
4.0997
3.3579
3.7840
2.7283
3.9355
2.7843
3.7134
4.1553
3.5466
4.1359
3.1798
2.8999
4.1530
2.6997
3.8497
3.8918
3.8442
3.4860
3.4741
3.1749
3.2105
3.2806
4.0508
2.8659
2.8527
3.5478
4.0052
3.5018
4.3375
3.8044
3.1786
3.5838
2.7764
2.2451
2.9979
3.8398
2.2782
3.7256
3.0173
4.5695
3.6794
3.6021
1.9988
3.5803
4.0259
4.1042
2.9944
4.1705
3.2202
3.7430
2.8136
3.0674
4.3636
3.9530
3.0419
3.2904
4.6221
3.3407
3.9354
4.2783
3.2884
3.0987
3.2079
4.6601
3.0476
3.6313
3.2645
2.9145
3.1921
1.8159
4.2526
4.4029
4.0561
3.5631
3.8836
4.0816
3.7059
3.5043
3.3511
3.4040
4.4728
3.2277
3.8412
4.1887
3.8677
1.9024
2.2408
3.1095
2.8429
4.2685
4.1728
3.4398
3.6833
3.4782
3.0011
3.4509
4.1163
3.8459
4.7538
3.3832
4.5065
3.8251
3.8565
4.2398
3.2971
2.5330
3.7293
2.6040
4.0638
2.9100
2.7551
3.0982
2.6814
4.0534
4.1346
3.4766
2.6888
4.2306
1.7836
3.7368
3.7246
3.3383
3.9571
3.5978
3.1015
3.4555
3.7737
3.7568
4.0776
2.7895
3.8840
3.7950
4.4412
3.5282
3.7476
2.6544
4.1921
3.2752
4.3279
3.8909
3.6884
3.9442
4.2550
3.1894
4.2107
2.8896
3.9290
3.5195
3.7715
3.7334
4.0709
3.1927
3.6406
2.1884
4.0481
3.9260
3.6408
3.5444
3.0995
2.9415
3.1615
3.2792
4.6151
3.4628
4.0752
4.0510
3.3644
2.3532
2.9051
3.7910
3.2632
2.1841
4.1690
2.3315
4.4956
3.5876
3.4373
2.2096
4.3830
4.3542
1.9511
3.2285
3.7533
2.7685
2.8926
4.3788
2.3398
3.6776
4.4205
1.9654
2.6610
3.4834
3.7692
4.6189
3.4037
2.9157
3.6001
3.8975
3.6671
2.9484
4.2980
2.9257
2.9526
3.0559
3.4471
4.1383
4.0484
4.0211
4.3037
3.6752
3.6059
3.6071
4.0932
2.6385
2.9573
3.8249
3.8229
2.6416
3.8150
3.1581
3.6360
2.9148
3.2543
1.9833
3.7415
3.1185
3.4004
3.7384
4.2775
4.1260
2.7250
3.3222
3.6470
3.2602
2.5434
4.4296
4.2842
3.2185
4.0210
3.4473
4.0414
2.3299
3.6510
3.9238
3.8439
3.7138
3.7533
2.2100
3.4167
2.4788
3.9424
3.4407
3.9933
4.1031
3.9231
3.7417
3.0944
2.7804
3.3879
3.0923
4.2130
4.2722
2.7780
2.4183
3.6122
3.7778
3.6529
4.0651
3.3044
4.0591
2.9948
2.4523
4.4714
3.1766
3.4428
3.7348
2.6897
4.1658
3.2875
3.1220
4.1275
4.4324
3.9568
4.2318
4.3829
3.1778
3.8836
4.1853
3.9669
3.7856
4.1438
3.6861
3.3844
4.4212
2.7397
4.2118
3.8286
4.0408
4.0036
1.8696
3.7177
3.5286
3.7958
3.6015
3.2140
4.2088
3.1035
4.6940
3.8020
3.4152
3.8686
4.6519
3.4523
2.9001
4.0196
3.9971
4.5245
4.2646
3.6535
3.7179
3.7954
4.0404
2.4345
3.5264
3.9162
3.3925
3.2134
4.6346
4.3378
3.8761
3.5224
3.8956
3.2726
3.7128
3.1770
3.6689
4.2330
3.0525
3.9509
3.4071
3.2202
3.1715
3.3594
3.3231
2.6769
3.4948
3.8115
3.1180
4.4334
3.4841
3.1575
3.8371
3.5691
3.4690
2.8762
3.1306
2.6805
3.8372
4.4353
4.0052
3.8099
3.0033
3.8067
3.6162
3.6636
4.5212
3.9514
4.3471
3.2558
4.2404
3.1470
3.7652
2.2299
3.6430
3.3444
3.2321
1.6815
3.7294
4.3785
2.9557
3.5684
3.7222
2.6706
3.1986
2.4189
3.5842
2.2179
2.7672
2.6475
3.3119
3.2642
4.1988
4.0136
3.2294
2.9998
3.5116
2.9561
3.0804
4.7301
4.1152
3.0029
2.0301
3.9957
3.7795
3.6340
3.5323
3.9206
3.4714
3.7577
2.4645
3.0811
4.1342
3.9159
3.5600
3.6441
3.1299
3.1103
3.5103
4.1745
3.6742
3.1577
4.0852
3.0166
2.8921
4.1284
4.2226
4.3085
4.0574
3.6548
3.1375
3.7110
3.3670
4.6038
3.4165
3.5524
3.8366
3.0771
3.4535
4.1641
4.0356
3.9950
3.6120
3.3038
2.4207
3.1900
4.0090
3.5902
3.8654
4.8275
4.1683
3.4280
3.4639
4.4931
4.4110
3.2006
3.7518
3.6546
4.2304
3.6977
3.1678
3.9599
3.9470
3.6094
4.2672
3.4016
3.3802
4.0608
4.4085
2.8779
3.8135
2.9364
4.8000
3.0666
3.8031
2.8146
2.2425
3.1980
3.6575
3.2332
3.1247
3.4032
3.7665
3.0236
3.1972
3.8447
4.2476
3.5577
3.6155
3.7669
4.0183
3.0780
3.0825
2.4160
3.5767
3.0755
3.1696
4.2032
3.5970
3.3125
2.8193
3.3373
3.5346
2.1576
1.0000
3.6506
3.8319
3.3017
3.3399
4.4119
3.8740
2.2182
3.7580
4.4400
3.5982
4.2105
3.6950
3.2359
4.0449
4.0661
3.9242
4.2510
4.0713
2.2680
2.7439
3.0695
1.0000
3.8307
4.0731
3.7005
3.9292
3.5058
3.6623
4.0490
4.0591
4.1663
4.2840
3.0954
3.4302
3.7844
2.2754
3.7304
3.2263
4.2053
3.4659
4.2310
3.6410
4.5756
3.3911
2.9024
3.0882
2.9404
4.1720
3.4390
4.4419
2.2719
3.2884
3.6865
3.8999
2.9078
3.4554
4.2738
4.0003
3.0585
3.0166
3.4463
2.8691
3.9858
2.7282
3.6564
3.7486
3.4123
3.5027
3.7094
3.7305
3.2490
3.4920
3.7605
3.0099
3.4384
3.7150
3.8582
4.1681
3.6003
3.6097
3.8875
2.8422
3.1918
4.0914
2.3882
3.3938
3.5283
3.4597
4.3014
3.3257
3.2364
3.2039
4.2103
4.5579
4.1644
3.8987
4.4356
3.1006
4.5709
3.8035
3.4869
3.1110
3.4553
2.6810
4.0780
3.5008
3.9227
4.3088
2.3328
4.2669
4.1124
3.6040
4.0040
4.0140
3.1565
3.2177
4.2922
3.7652
3.6279
3.1009
3.6501
4.1876
4.0880
3.5355
2.7835
4.0293
4.4083
3.9700
4.1997
3.1496
2.5800
3.7604
4.1592
4.2341
3.2751
3.5393
4.2257
3.2231
4.2224
2.8690
3.6507
4.1604
3.7591
2.6281
3.3409
3.6102
3.8313
3.3597
3.6508
2.9447
3.0920
2.8578
3.8734
4.6208
3.9851
4.4897
2.9307
4.7299
2.5881
3.8586
3.0623
1.4670
3.3058
3.4257
2.8994
3.7784
4.3163
3.7905
3.6341
2.3965
2.1507
3.9400
3.6483
3.3468
3.7282
3.2884
4.0024
4.1183
2.2251
3.2507
3.9683
4.2969
3.5022
3.5009
3.3221
2.4972
1.7003
2.9531
3.3704
3.7784
3.5991
4.2387
3.3715
3.1470
4.1405
5.0000
3.8027
4.0348
3.9852
4.3294
2.1777
3.3120
3.8751
3.5063
4.4942
3.3520
4.1637
4.0917
3.9438
3.6202
3.9588
1.7636
4.1114
3.5715
3.4104
4.1486
3.4534
2.8268
3.8374
3.3616
3.9789
3.5182
3.0015
2.5045
3.8634
3.0540
2.0176
3.8871
3.2775
3.2779
3.2396
2.3502
3.6574
3.7533
2.9583
4.1313
3.7396
2.3895
3.0052
3.1044
3.7765
3.9915
4.1749
4.0149
3.3815
3.5740
4.1887
2.8004
3.7031
3.6489
2.1608
2.8279
3.9440
3.1304
4.1855
3.5059
3.0469
2.3741
4.0983
2.8410
4.0322
2.4215
3.3146
3.4395
2.2968
4.0286
3.9217
3.0877
3.6254
3.6485
4.0874
4.2363
2.9355
3.4760
3.8454
3.7968
4.0167
3.1172
3.9216
2.4047
3.4163
3.4634
3.6558
3.7634
4.2588
4.6432
3.0101
3.8379
3.2499
4.2197
2.6319
3.4609
3.7929
3.3854
3.3026
3.2692
3.7726
3.0894
2.8079
3.3367
3.1409
4.0968
3.3420
4.1434
3.6409
2.7803
3.1562
2.7843
3.2300
3.1049
2.2223
3.0576
3.4790
2.9662
3.4784
3.3845
3.8022
4.3956
3.6882
4.0733
4.0498
3.9743
2.9071
2.8463
3.3971
4.2361
3.6944
4.0141
3.5891
4.1430
4.5257
3.4193
3.9737
3.4472
3.0527
3.5792
2.9187
3.4621
3.6437
3.5228
1.9928
3.6999
3.2641
3.8808
2.9920
3.3343
3.6248
3.0426
2.9953
4.4422
3.0951
3.6083
3.4498
3.2336
4.6918
2.6523
3.0951
3.1128
3.5753
3.3837
4.1252
3.4406
3.9260
3.6435
4.1800
3.7801
2.7159
3.9696
3.8415
4.0899
3.0606
3.0411
3.4759
3.5297
3.5863
3.8687
3.7774
4.4201
4.1691
3.7512
3.5424
2.5710
4.0346
4.3472
2.2055
3.0930
3.6085
3.7096
2.8923
2.8865
4.2080
4.3369
3.3661
4.1336
3.7857
4.3711
3.4122
3.7446
3.3494
2.9431
3.6554
4.1156
3.5115
2.9509
3.9250
3.7755
2.8797
2.7659
3.4527
4.1060
4.2438
4.3930
3.3327
3.4114
3.9607
3.5920
4.5129
4.2118
4.1840
3.7846
3.1173
3.1561
4.7107
3.0903
3.4656
3.1499
3.5506
4.8508
3.1896
3.4537
4.1233
3.1389
3.1427
3.1642
3.4740
4.3191
3.2783
4.0698
2.6644
4.3136
3.7421
3.4609
3.4569
4.6957
3.3678
3.1349
3.6199
2.7377
4.2518
3.2679
4.0334
3.9942
3.7233
3.7909
3.2377
3.2006
3.5185
2.9517
3.9696
3.5813
3.2229
3.4732
3.2220
3.8028
3.7155
3.1889
3.7555
3.9666
4.0864
3.5002
4.2891
4.3058
3.3113
3.8693
3.3473
4.1175
3.4263
1.6823
4.2483
3.3591
3.9130
3.6351
3.4769
3.2646
3.8699
3.1298
2.9806
4.1624
3.4752
3.2961
4.5250
3.5222
2.8896
3.8150
2.8671
3.3665
3.8003
3.9001
4.2994
1.3154
3.5773
2.9611
3.9590
4.1537
4.5309
3.5348
3.4554
2.3950
3.2923
3.7572
4.1496
3.6878
3.5139
2.7751
3.5600
4.1882
3.3780
3.9548
3.8465
3.9842
2.6244
2.6421
4.3544
4.1476
3.2605
4.0390
3.2605
3.0944
3.0131
3.5551
4.4233
2.6860
3.3405
3.4773
3.6592
3.5528
3.4234
3.9125
4.4004
3.4554
3.6142
4.2586
3.8159
4.3027
3.7221
3.4108
3.9639
3.0815
4.2783
2.5512
3.5278
1.4175
3.4702
3.8886
4.2843
3.9346
3.2662
3.8542
2.9340
4.6793
3.6407
3.0323
4.3350
3.6371
3.5675
4.0888
3.3746
4.2184
3.9757
2.5996
4.1473
3.9684
3.9236
3.1070
3.4311
3.8932
3.5239
3.9518
3.5967
3.8770
1.9981
3.8709
3.0071
4.6084
4.2194
4.5138
2.9720
3.9888
3.5641
2.7157
3.8735
4.2189
4.3728
2.5821
3.3492
3.5503
3.5478
3.1789
3.7669
3.7792
4.1182
3.9247
3.1896
2.7163
2.9389
3.7683
3.2246
3.6370
3.8215
3.4344
3.6896
4.0458
4.1864
3.9264
4.4293
4.1171
4.2441
4.0332
3.4849
2.5124
3.7507
4.1766
4.3188
4.4486
3.0010
3.5991
3.5591
4.0103
3.8023
3.7326
3.0015
3.2048
3.5239
2.0181
3.9205
3.8746
4.5365
4.0397
3.5444
3.7678
3.5113
2.3745
4.3691
4.5237
3.7936
2.8846
3.7699
3.8903
4.2009
3.3516
3.1132
3.8438
2.9590
4.2843
2.1321
3.3179
3.2773
4.7651
3.0518
3.0162
3.2956
4.2660
4.2867
2.5793
3.0808
3.1604
3.4025
2.9633
3.5933
3.1252
3.6720
4.3787
3.9275
3.4491
4.1609
3.0048
3.4179
3.6030
4.2229
3.6939
3.2644
4.3455
2.6945
4.2231
3.2351
3.9053
4.0284
4.4411
2.8752
3.6785
4.0071
3.6485
4.8987
3.7183
3.3184
3.1007
4.2259
3.9217
3.3260
3.7581
4.1206
3.4929
4.6530
3.4395
3.3008
3.8676
3.7441
3.8280
3.8371
3.9460
4.3959
4.3297
3.2308
3.1832
3.2407
3.5832
2.7932
3.2431
4.1335
3.6165
3.7612
3.7293
3.5752
4.1593
1.4802
3.6720
3.7433
1.9187
3.1945
2.3660
3.2379
2.7006
3.4577
3.1724
4.4167
3.9034
3.6671
3.5397
2.7972
3.5613
3.8215
4.0934
4.4068
3.8877
3.8270
3.8792
4.0773
4.3168
3.2199
4.0992
2.2611
3.5000
2.9681
2.8212
3.0980
3.7613
3.7362
2.6060
2.6928
3.7349
3.5801
3.7880
1.8501
3.5800
4.0282
3.1577
3.6272
3.4170
3.2768
3.2324
4.4683
4.4509
3.0122
3.7034
3.4544
4.1225
3.1588
2.9995
4.2071
3.0792
3.7372
2.7634
3.1804
3.9366
4.6054
3.1381
3.5451
2.0354
3.2663
3.3990
2.6732
3.2792
3.5988
3.5236
2.4450
4.4578
3.5104
3.5064
3.3127
3.5534
3.2045
3.6401
3.8939
4.4625
3.4305
4.3591
2.9498
3.2179
3.9715
3.0235
3.3330
3.7601
3.6847
4.2844
4.0984
2.7615
3.5486
3.5837
3.1127
3.2220
3.2432
3.7304
4.1215
4.2028
3.9720
4.0053
4.3826
3.4218
3.4522
3.7011
4.3316
3.4022
4.1064
3.0195
3.0396
3.0188
1.8653
4.0703
3.1123
3.9779
3.6599
3.5703
3.9153
3.5322
1.6406
4.0982
3.7846
4.4533
2.4977
3.5898
3.7826
3.3961
3.9299
2.9709
4.2590
2.6096
4.4998
4.2527
3.4472
4.7967
3.9460
3.2205
4.1725
4.7068
3.6366
3.5828
4.5132
3.9643
3.3064
1.9093
2.9883
2.5144
3.5751
3.0884
3.9503
2.6394
3.4395
3.2112
3.2726
4.8977
4.4838
4.3828
4.2877
3.6677
3.0823
3.5168
3.3777
3.6892
3.7796
3.4900
3.8012
3.0406
3.8629
5.0000
4.2351
4.2156
3.8318
3.5845
4.3772
3.2626
2.9938
4.1925
4.0227
3.7071
2.8596
2.0794
4.0196
3.7051
2.8021
3.7375
3.7661
2.3383
3.3472
3.7611
4.2041
4.6742
4.1142
3.4491
3.1508
3.2865
3.1340
4.1791
2.1175
3.6919
3.6075
3.2550
4.4371
3.8239
3.2920
2.1878
2.5833
3.3231
4.2495
4.0941
3.4758
3.4864
2.2861
2.8395
2.1855
3.7694
2.5085
3.8203
3.5746
3.1573
3.8497
3.8298
3.2371
3.5095
3.8385
3.3262
3.2929
4.0257
3.8827
4.3107
4.0885
1.1689
3.9238
2.6244
2.8248
2.9351
4.6226
3.2170
2.9997
3.8971
3.3312
3.6568
3.5370
4.0696
3.5174
4.0137
2.8796
3.5416
3.2929
3.3829
2.7797
4.1454
4.6301
3.3989
3.9717
3.1115
3.4993
3.7517
3.9212
3.7809
3.2986
4.2572
4.2865
3.9593
3.4424
3.3527
3.7421
3.2464
4.5479
3.4443
1.9943
3.9724
4.3165
2.8968
4.0904
4.4689
3.9959
3.3305
4.2516
3.6875
3.4438
3.4835
2.8276
3.7645
3.5076
4.2368
3.0278
2.1723
2.7017
2.9405
3.1818
2.3238
3.6179
4.6367
4.5064
4.6715
4.0328
3.9132
3.9790
3.6079
2.4044
4.0024
3.1936
4.7228
4.0334
3.6765
3.2984
3.6539
2.7890
3.7148
2.4587
3.9384
2.8394
3.4629
4.6022
3.4419
3.2895
3.4828
2.2635
2.9973
3.7658
3.8231
3.8763
3.3172
3.7791
3.6406
4.3342
3.0320
2.5835
4.0242
3.4240
3.5557
4.5155
3.3845
3.0280
3.4139
3.6603
3.1584
3.0539
4.3154
2.7875
3.8886
3.5255
2.8445
4.1715
3.6176
2.8836
2.4571
2.7415
3.8009
3.6878
3.6070
3.9691
3.5143
3.5581
3.2207
4.1108
3.4969
3.5920
4.0392
3.8875
2.6182
4.1865
2.9804
4.1984
2.2965
2.8650
3.1862
1.7853
3.5197
3.3783
3.0211
4.2048
3.0756
3.3645
4.2645
3.9507
3.2623
3.5804
3.7983
3.3333
4.6358
4.2027
3.8184
3.3238
3.8097
3.6382
3.8611
3.6050
3.7523
3.8177
3.1800
3.1178
2.9069
3.6388
3.6493
3.8918
4.2181
3.7124
4.0319
3.7138
3.2427
3.8316
3.4728
2.8560
3.9566
3.2696
3.5028
3.3723
3.5607
3.4824
3.8252
2.9369
4.0553
2.5460
2.3469
3.6838
3.1118
3.0495
3.4250
3.2293
3.5014
2.9780
3.6038
3.5619
4.0045
4.3962
2.8731
4.2425
3.6901
3.4513
4.0215
4.3266
3.6298
3.0545
3.0793
3.1839
2.0130
3.0074
3.6154
3.9056
3.9434
4.0302
3.3473
3.4269
3.8478
3.5093
3.3907
3.5046
4.5351
3.5782
4.3278
2.9572
3.1633
3.1421
3.4661
3.5846
3.0483
2.9325
4.8261
2.8285
4.1592
4.0821
3.2952
3.6359
4.2950
4.5825
3.5583
3.9935
3.8996
4.4943
2.5667
3.2242
3.9814
2.7215
3.5775
3.9086
3.6157
3.8122
3.4914
4.1874
4.3951
3.8695
3.8990
3.6932
3.6775
2.9788
3.4936
4.3720
3.2039
3.6130
4.2791
3.7659
4.0763
3.9754
3.3598
3.4579
3.6375
2.8481
3.1198
4.4985
3.2271
3.9779
4.4999
4.0420
3.6348
3.3753
3.8659
2.1829
2.7243
3.2060
2.8809
3.7589
3.4499
2.6963
2.5330
4.0398
2.9810
4.0451
2.5111
3.7531
3.7993
3.4909
3.8076
2.3965
4.0836
3.2344
4.2893
3.3221
3.6229
3.4326
4.6135
3.3217
4.6433
2.8329
4.3815
2.3451
2.4016
4.3792
3.0707
4.7185
4.0808
2.5671
3.6520
3.8196
2.9442
3.3208
3.7114
3.5336
2.7178
3.8074
4.0342
4.3140
3.2759
4.5129
3.7813
3.4370
4.4556
3.9411
3.3006
3.0024
3.1595
3.2220
3.4671
3.6008
4.3210
4.7781
3.8171
3.7914
3.9847
3.0995
3.1404
4.4916
3.0122
3.4173
4.0567
3.0340
2.5597
4.2864
4.0744
3.7657
3.4477
3.4793
3.7965
2.0159
4.1112
3.2653
4.2073
3.4525
3.6638
3.7770
2.9627
3.1031
3.1681
4.2171
2.9132
4.3088
4.1165
3.4595
3.3884
3.3032
3.1146
4.1388
2.9985
2.7777
4.4080
3.9007
1.4560
3.9939
3.2936
2.7734
2.6759
2.6265
2.1821
3.6840
2.9147
3.6893
3.9443
3.6592
3.4739
3.8859
1.9777
4.0485
3.4680
3.9905
3.2520
3.7549
2.1373
4.0409
4.0369
4.2712
4.0911
3.4354
2.2824
3.3472
3.5597
4.2606
3.5802
3.3593
4.0303
3.5980
4.3128
2.7584
2.9659
3.0685
3.0690
2.8983
3.6125
3.8596
3.6647
2.7730
3.9275
4.4522
3.0550
4.2650
3.5879
3.3394
3.6381
3.2903
3.7968
3.1683
3.6520
3.4153
3.0247
3.8651
3.2110
3.2058
4.1137
3.0440
3.4465
4.0013
3.6803
3.5292
4.3327
3.8182
3.4167
4.1655
2.6981
2.7520
3.4128
3.7539
2.8382
4.1422
4.0612
3.7551
2.2020
3.1737
3.8938
2.9769
3.7145
3.9286
3.8034
3.2714
3.7257
2.0078
2.8140
2.7166
3.1836
4.4406
3.9799
3.3453
4.1290
4.1535
3.9496
2.4896
2.9603
2.5875
3.5027
3.5225
3.4256
3.1685
2.8323
3.1408
4.0058
2.6595
4.2632
3.8092
3.2579
3.7713
2.9865
4.5142
3.9654
3.6636
3.6842
3.7715
3.5490
4.2430
3.5920
4.2063
4.2421
3.8961
3.4076
3.5698
3.3020
2.7060
3.9682
3.3175
3.0442
4.3506
4.2166
3.8664
3.6125
2.9036
3.8858
3.8312
4.1970
4.4412
3.6966
3.5169
3.6467
2.3795
2.9714
2.5282
3.4761
3.9570
2.0880
3.8511
2.8801
3.4943
3.8373
4.1762
2.4156
3.7582
4.2070
4.1866
3.6050
3.8905
3.6354
3.7616
3.2860
4.0314
3.7016
2.3700
3.7656
3.6597
3.3406
4.2588
2.8482
4.0192
3.6093
3.4026
4.2541
2.8269
4.3407
3.4867
2.6892
3.3366
3.3418
2.9660
3.5805
4.0321
4.3964
3.7986
3.1718
3.0434
3.7080
4.1150
3.7900
3.0612
2.8869
3.8586
4.6006
3.8797
3.3102
3.7785
3.6368
3.2450
3.4313
3.3734
3.9125
3.8337
3.4496
2.9090
3.2953
3.7760
2.8967
2.9517
3.0072
3.3584
3.0807
3.3418
3.5616
3.5744
3.2811
3.7503
3.5269
3.4330
4.4728
4.0983
3.6591
3.9589
3.6262
4.2871
4.3001
3.8725
4.4644
4.2039
4.3186
3.1136
4.0940
4.8331
4.1299
4.0126
3.0039
3.2516
3.8353
2.8948
2.8886
4.1647
3.6642
4.2115
4.4340
3.4716
2.9252
3.8865
2.5452
3.1695
2.6946
4.1660
2.4529
4.1656
2.9108
3.1936
3.2960
4.0408
3.5399
3.3411
3.4013
4.7532
2.4070
2.8887
4.2771
2.8271
3.4102
3.1044
4.3863
4.0545
3.1093
3.7715
3.9860
2.8952
3.7545
3.7031
3.1031
2.8626
3.9893
3.3577
3.6330
4.0046
4.6473
4.3689
3.5075
3.3220
3.9593
3.7339
4.1099
4.3800
2.1063
3.7663
4.0675
3.8216
3.6291
3.9497
3.0925
3.7481
2.8546
2.5326
4.0709
2.6671
3.7977
3.8242
3.1756
3.2458
3.6186
4.3068
3.7861
2.3619
3.4713
2.6468
3.7858
3.8681
3.6856
4.0552
4.0103
3.9972
2.9765
2.0440
4.2090
1.8587
2.4861
3.3153
2.9933
2.9836
3.9047
3.9574
3.0788
4.3975
3.4389
2.7502
4.3223
3.2877
3.5799
4.0943
2.6886
3.4977
3.8336
3.8556
3.7803
4.4895
3.9867
4.2269
3.9836
4.2554
3.6999
3.2284
4.4533
3.6861
3.2158
3.3817
3.4442
3.6369
3.0276
3.9300
3.5402
4.7609
3.1340
3.4767
4.1229
3.7621
3.5547
3.9046
4.1328
3.6691
3.5156
3.8185
3.8432
3.4849
3.9498
3.9375
4.1283
4.2202
2.7122
3.6206
2.7725
3.3273
2.9017
4.3765
3.6195
3.1924
3.3556
3.3427
4.2587
3.6446
4.2785
2.3510
3.3598
4.2476
2.8030
3.5666
2.8625
2.4043
3.9311
3.5835
3.2111
4.0370
3.5654
4.1776
3.8131
3.6767
3.8882
3.1353
4.0634
2.5551
3.3324
2.6664
2.1348
3.5573
2.2100
2.8774
2.5719
3.6946
3.4160
3.9111
3.5781
1.6010
2.3683
3.5541
3.6471
2.4913
3.9984
3.6545
4.2877
4.6873
3.3194
3.4597
3.4579
3.5934
3.9339
3.0954
2.7395
3.3414
3.8252
3.7172
2.6693
2.9191
2.2666
2.9556
4.5582
3.9496
2.8171
3.5184
3.5018
2.6740
2.9301
3.5798
2.9109
3.3629
2.3642
3.3681
3.8129
4.0179
3.8272
3.4536
1.8041
3.2617
4.5794
3.7724
4.3306
3.8292
3.9796
3.4214
4.3294
3.5171
3.8770
3.2392
2.3770
3.9031
3.6745
4.3681
3.4875
3.8330
2.6701
2.7957
3.3833
3.6212
4.0118
3.4274
3.1735
3.3474
3.5372
3.5686
3.2885
2.7369
3.4309
4.1467
4.0488
3.5105
2.5732
3.0371
3.9773
4.0390
3.5930
2.7027
4.6971
1.7714
3.3037
3.0023
3.6534
2.0548
4.0531
2.4941
4.3368
3.8301
2.2003
3.9243
3.8209
4.1173
3.5065
3.9088
3.6731
3.8265
4.3355
2.6948
3.7026
3.3336
4.0809
3.4937
3.5618
2.7341
4.0104
4.2087
4.3393
4.0055
3.4053
3.6520
3.3184
4.3785
1.8129
3.4535
3.4333
4.3260
4.4006
3.3462
3.2846
3.5375
3.4542
2.3956
3.7102
3.3842
3.9061
4.2079
4.4704
3.6436
3.9838
3.8288
4.2323
3.1939
3.9464
3.9548
3.4955
4.4920
4.0281
4.1292
4.3660
3.9742
3.2264
3.0481
3.1683
3.4268
3.9985
2.7702
3.9595
2.0298
3.2288
4.1268
3.9374
3.7618
3.5034
4.4847
3.1557
3.2796
3.9705
3.7659
3.2241
3.8630
4.1495
4.0076
2.6252
3.3817
3.9625
3.6274
3.7561
3.5287
3.3808
4.1504
3.1667
3.5303
2.5177
2.7034
3.5182
3.7597
3.7118
3.6175
4.4694
3.6417
4.3291
3.9277
2.8597
2.8845
3.6961
3.9332
4.3406
3.5089
2.9178
3.1308
3.0424
3.6800
3.5386
3.5867
2.9981
3.9278
2.9882
3.9933
4.2279
3.3479
3.6781
4.3182
3.6916
3.8415
3.7264
2.8410
3.6972
3.0281
4.1076
2.5406
3.6148
3.5973
3.3299
3.2363
4.3933
3.9991
3.6993
3.5509
3.3075
3.9467
3.7371
3.0821
3.6318
3.2056
1.7889
3.8272
4.0626
3.6839
3.4703
4.0673
3.2264
3.9994
2.8191
3.5955
4.2011
4.0912
3.8559
3.5353
4.1570
3.8810
3.6714
3.5638
3.0064
3.8166
4.2811
3.8244
4.1555
3.0008
3.7762
3.1548
3.2818
3.1663
3.4854
3.6017
3.8605
3.6344
2.9686
4.2375
3.2507
3.7005
4.2558
3.6671
2.8974
2.9344
3.7364
4.0826
3.7832
3.5442
4.8427
1.8794
3.7026
4.0415
3.0834
4.0119
2.7895
3.7719
2.9991
4.1269
3.3795
3.6927
2.1914
3.9864
3.5209
3.7436
3.8397
4.2058
3.9360
3.8245
2.4339
2.9654
3.5006
3.7221
3.1079
2.3852
4.3236
2.9696
4.1907
2.6563
4.6696
3.6537
2.7064
3.6538
4.5143
3.7393
3.6695
4.0665
3.4930
4.3200
3.9696
3.7492
4.2473
3.9965
4.4238
3.7897
3.4232
3.7583
4.1774
3.3582
3.0581
1.6283
3.6534
3.8693
3.3700
2.6287
3.0755
4.3148
3.3318
2.8792
3.2238
4.7810
3.7475
3.0690
3.3093
2.9667
4.1449
4.2577
2.3434
3.2197
4.2220
3.1298
4.2080
3.4011
3.4116
2.7662
3.9935
3.8893
3.6316
4.5535
3.2866
3.1557
3.3733
3.4858
3.5266
3.3612
4.1993
2.2875
3.5036
4.5329
3.5679
3.7146
3.3448
4.5834
4.1329
3.2416
4.3947
3.9392
3.9754
3.2958
3.7818
3.4564
4.4330
3.9732
4.2954
3.8823
3.3526
3.6451
2.3373
3.9500
4.1320
4.2997
4.6755
3.6243
3.0555
3.2758
4.1914
4.9157
4.5631
4.2064
3.1624
3.4915
3.0004
3.9519
3.6443
4.3690
3.6942
3.9803
3.4104
4.0562
2.2973
4.3337
3.8580
4.4894
3.1987
2.5845
2.8369
3.3549
4.0010
4.3694
3.7391
3.6973
4.1604
3.5404
2.9763
3.9137
3.8765
3.2059
3.6881
2.6434
3.9826
3.2753
4.8446
3.6510
4.1804
3.5363
3.6197
4.3890
2.6813
3.1179
4.2227
4.2684
3.3094
3.9380
3.8066
3.2635
3.1652
2.8722
3.6713
4.3326
3.4327
4.2105
3.6296
3.2396
3.9505
3.2728
4.6411
2.6160
3.0825
3.4480
3.4145
3.9691
3.1767
3.9185
4.0857
2.6652
3.3650
3.7620
3.3997
3.7236
3.6331
4.5093
2.6011
2.9954
3.7823
3.5683
2.7722
3.4300
4.1049
3.4628
3.5080
3.0828
3.6706
3.5302
3.3019
3.9617
3.3960
3.7266
3.1478
3.9628
3.3100
4.5692
2.8441
3.6368
3.2228
3.2059
4.1265
4.1479
2.7563
3.7313
2.5456
3.1124
3.8997
3.9697
2.6361
3.9590
3.8971
4.3192
2.5828
3.0031
2.8282
4.2366
3.7638
3.2154
3.8618
2.8816
4.1332
3.3103
2.7053
3.4349
2.1865
4.1033
3.0531
3.6024
3.9852
4.5225
3.7261
4.1009
1.8808
2.7657
3.4431
4.4431
2.9889
3.4731
3.6861
3.3142
2.1524
3.8698
4.7065
3.8102
1.5903
3.7922
3.8382
2.4218
4.1007
2.9384
3.3623
3.8493
3.6043
3.9230
3.9519
3.8146
3.4603
3.8131
3.2726
4.2195
4.2164
2.7771
4.0698
2.6807
4.2769
3.2555
2.3774
3.4864
3.2931
3.7827
4.7146
3.6317
3.3965
3.3645
3.9160
2.9883
4.1545
2.6305
4.0417
4.5543
3.1375
3.6473
3.8600
4.1561
3.3220
2.7612
3.9963
2.8008
3.7931
3.7248
2.9484
3.2097
2.9906
3.6776
2.9815
4.3610
4.1933
3.5212
3.0153
3.5327
3.5937
3.3349
3.8070
3.0117
2.3031
3.4802
2.0397
2.9248
3.5129
3.2859
4.4970
4.2799
4.3903
3.3291
3.4984
3.9411
2.0206
3.9754
3.7242
2.5411
4.0011
3.7070
4.0778
3.9319
3.6692
4.1850
3.7679
2.7192
4.3400
4.1641
4.3063
3.4448
2.4107
3.0530
4.0113
4.0878
3.4231
3.4564
3.0658
3.2268
4.2408
3.6155
4.4771
4.7799
3.5318
2.8301
2.1112
3.2812
3.9529
3.8736
3.5360
4.1309
2.7755
2.8902
2.2158
4.1742
3.6826
4.1976
3.8288
2.9492
4.2205
3.2056
3.8699
4.0959
3.5502
2.2158
3.8659
3.3256
4.1153
3.9713
2.4760
3.3245
4.0870
3.5228
3.5308
3.6229
3.6328
3.8272
2.8870
2.8510
3.0556
4.0313
4.2220
3.1511
3.9516
3.0503
4.0813
3.7029
3.0639
3.6908
3.5251
3.4431
3.5164
2.3748
4.5331
3.9774
3.6619
4.0072
4.1167
3.8964
3.6031
2.7670
4.7200
4.0186
3.6637
3.7434
2.8142
3.2062
4.0442
4.4638
4.4291
4.4050
3.9443
3.2945
3.5118
3.8130
3.2264
3.8707
2.8384
3.6472
4.5956
3.6777
2.8950
3.4986
4.1202
2.3559
3.8116
3.8340
1.9549
4.2381
4.1484
3.5615
3.3865
2.7576
3.9176
4.1727
2.8813
3.7711
2.4287
2.6807
1.9652
3.6361
3.4701
3.3767
4.0287
4.5154
4.1584
3.9037
2.9261
4.0535
3.3718
3.6579
2.2941
3.2796
3.6444
2.7578
2.9437
4.1510
3.5064
4.0189
4.1704
4.0642
3.0337
3.3390
4.4589
4.0189
4.1469
3.2518
3.2931
3.5333
3.6736
2.8655
3.4088
3.9345
3.1984
3.1532
4.1885
2.2266
3.7290
4.1603
3.7130
3.3325
2.8387
4.0832
3.1779
3.7997
3.7251
3.7186
2.7305
4.2184
4.1853
3.4175
3.2969
3.6464
3.0510
3.2973
3.7082
2.1648
4.1660
2.7966
3.1719
3.3618
3.1105
3.7408
3.3567
4.3334
2.6430
2.3381
2.7152
3.5199
3.2481
4.2826
2.7796
3.8802
3.1682
2.9973
3.3880
3.3658
4.8111
4.2488
3.4709
3.8940
3.3187
2.9208
3.3957
3.2428
3.9876
4.1574
3.7168
2.8056
1.4332
3.4410
4.0722
3.6307
3.9604
2.2130
3.3261
3.1254
3.3252
3.7320
4.3810
2.5710
3.7731
4.2652
3.3384
3.2445
3.4008
2.7989
3.3551
3.7298
3.2474
2.8638
3.9214
3.5166
3.3927
4.2554
3.6688
2.6796
3.8931
3.9239
2.9241
3.5377
3.2494
3.8558
2.5709
3.4753
3.4184
3.1947
3.2472
2.9961
4.0097
2.8784
3.4227
3.9897
4.1170
3.5159
3.3778
3.8998
2.6836
3.5860
3.9392
3.2299
4.2536
3.5790
2.7550
3.2250
4.5330
2.9694
3.8759
3.5582
4.7299
3.4438
2.7820
3.5671
3.4624
4.1580
3.6654
3.6468
4.6795
3.7172
3.8624
2.3671
2.8023
3.4753
3.9060
4.0481
2.6440
3.6909
3.4585
3.5128
3.8786
3.8890
2.2401
2.6070
3.0938
2.7154
3.6039
3.0278
3.7341
3.6627
3.0803
3.5778
3.9264
3.6162
4.4253
4.1685
3.4406
4.0284
2.3732
1.9092
4.0448
3.2275
3.1130
4.2863
3.2704
3.5159
3.4645
3.4480
3.5450
4.0800
2.6413
4.1256
3.6548
3.4903
3.7501
3.4305
3.9585
3.7447
4.1037
3.7880
3.7680
2.9019
3.3114
4.4496
3.1812
3.9301
4.1479
3.1313
3.8021
3.2899
3.8244
2.9495
2.6909
3.3532
4.6138
4.8348
2.9694
3.7840
3.0779
3.2833
1.6600
3.7399
2.9405
3.7489
3.2201
2.7259
4.0665
3.9162
3.9134
3.4568
3.9627
3.3403
3.7650
4.2265
2.5850
3.4968
3.7419
4.4256
3.8774
4.8487
2.9720
2.7233
2.8011
4.2565
2.5591
3.0977
2.9027
3.3885
4.0013
3.4817
4.1939
3.0017
4.0127
3.2877
3.2027
3.4469
4.1032
3.7477
4.0806
3.0870
2.9573
4.0319
4.4279
3.5582
3.0299
2.9358
4.3364
3.6737
3.3393
4.1145
3.1894
3.1980
3.6964
4.0565
3.3694
3.5533
3.1993
3.6531
2.7032
4.2552
3.9488
3.9130
3.8719
3.3504
4.3659
3.7340
3.4008
3.9961
2.6729
4.0566
3.6933
3.6941
2.8282
3.4187
2.9510
3.8729
3.6597
3.3922
3.9679
3.8889
3.8173
4.6155
3.9729
3.0667
4.1314
3.0643
2.1898
3.9724
3.2350
3.5298
3.5977
3.2916
4.0622
2.6771
4.0323
3.5997
3.5022
3.6146
3.4660
3.5909
3.5117
3.8954
3.1839
3.8633
3.1893
3.0849
3.5900
4.1627
3.0716
2.6354
2.8162
4.0789
4.0627
3.3420
3.5538
2.9865
3.9908
4.3188
2.8484
3.0725
3.9611
4.3118
3.6196
3.6414
4.2991
3.9241
3.6940
4.0028
2.6116
1.0000
3.7188
3.7959
4.1364
3.4503
3.5936
2.8583
3.2047
3.9560
3.4457
4.1244
4.3801
3.8460
2.8547
2.6808
3.8430
4.3218
2.9053
4.1983
3.4642
4.0391
2.6587
3.3397
3.0576
3.3978
3.5223
1.2356
3.8842
2.2718
4.2349
1.6369
1.0226
4.2646
4.2702
4.0556
1.6720
3.0602
4.2766
1.0373
2.9643
3.6768
3.2860
4.0632
4.3422
3.2590
3.9006
4.1406
3.8730
3.5082
2.9462
4.6174
2.2404
3.2979
3.8836
4.2794
4.0163
3.8083
4.0771
4.0699
3.8215
3.7372
3.3147
4.5410
3.2432
3.9125
3.1007
3.6443
2.9599
3.5299
3.4552
3.0693
3.8048
3.5925
3.5025
3.7428
2.7419
4.0112
4.5928
3.5306
3.3349
4.2366
3.8488
2.2325
3.1722
3.9078
3.0166
3.5011
3.7372
3.6707
3.9760
3.3198
3.3391
3.7867
3.8407
3.2768
4.1289
4.1789
3.1328
4.2829
2.1499
3.2895
2.2481
3.3064
3.8586
4.2274
3.6761
3.1452
3.9732
3.5046
3.9708
2.9913
3.8835
4.2059
2.5830
3.5053
3.4738
3.4432
3.6096
3.8344
3.2728
3.5123
3.9156
3.8549
2.9475
3.8278
2.7998
4.3749
3.3281
2.6275
3.8743
4.0176
3.1777
3.1711
3.0088
3.2465
4.0501
2.7167
4.6050
3.9595
3.9567
3.8092
3.1020
3.3622
3.5515
3.5978
3.5374
3.4406
2.1835
3.6363
2.5880
3.9183
3.7869
3.3473
3.2170
3.4184
2.1811
3.7258
3.7490
4.1213
3.6691
3.5050
3.3805
2.0020
2.5612
3.0645
3.5999
2.9723
3.7494
2.9965
3.8543
4.1441
3.3744
3.4257
3.4940
4.4837
2.4762
3.5883
2.6795
4.1356
3.1649
3.6276
3.4027
3.9452
3.0868
3.9193
3.0333
3.5147
3.6815
3.7192
3.7290
3.7430
2.6815
2.7489
2.7670
2.9507
3.1199
1.7134
4.5392
3.7087
2.7865
3.4706
3.9081
3.5292
4.0668
2.1342
3.2097
3.7478
4.1455
3.2330
3.8050
4.0143
3.6726
3.6083
2.8436
4.4478
4.1213
3.9685
5.0000
2.3367
3.2739
3.9724
3.6594
3.5105
3.4072
3.5049
4.5472
3.1865
4.0360
2.2495
4.8213
3.1251
2.5061
2.9481
3.1943
3.8598
3.8018
3.6413
3.5104
4.0918
2.0491
3.1147
4.1719
3.8117
3.9300
3.9901
3.7483
3.0535
4.2414
3.1447
3.9849
3.3150
4.3229
2.9768
3.1640
3.1241
3.1293
3.5853
3.5331
3.6642
3.7749
2.8852
3.9708
3.2726
2.9032
4.4678
3.2588
3.6759
3.6061
2.9810
3.5257
1.8555
3.8602
4.5411
3.3577
2.8114
3.6754
2.6938
2.8441
3.1221
3.9321
3.9078
4.4625
2.7744
3.7734
4.4923
2.3819
3.9705
1.8515
4.1359
3.5011
2.2858
3.5972
3.0697
3.9044
4.0227
3.9159
3.1364
2.3654
2.9021
3.0423
3.6351
4.0019
2.0655
4.2094
2.6495
2.9890
3.2411
4.2401
2.5297
3.9754
3.4953
2.9779
2.5730
3.7318
4.0109
3.2448
4.1434
3.6838
4.2737
3.6857
3.1745
3.2176
3.8662
4.0168
2.2252
4.1570
3.2317
3.9373
4.1556
2.9670
3.8140
4.3569
3.8556
3.5811
3.9120
3.9116
4.4731
3.5551
2.6227
4.4389
3.2095
4.3271
4.6253
3.2442
3.6890
1.7895
2.8090
3.2263
3.6160
3.4069
2.5433
3.3691
3.8652
3.8082
1.9981
3.6488
3.3202
3.5109
3.9198
4.1790
4.3760
3.3036
2.3869
4.0562
4.0138
3.1067
3.3911
3.0217
3.9639
4.2743
3.2840
3.3301
3.5725
3.2375
3.6178
3.6196
3.3179
3.2277
3.4719
4.3506
3.9644
3.2974
4.0780
3.1488
2.3576
3.8261
3.1849
3.3494
4.2340
2.3542
4.2786
3.9084
3.7504
3.2414
3.7153
3.6866
3.2231
3.3202
4.3294
2.8941
3.1769
3.0265
2.4291
3.8471
4.0672
3.8499
2.5446
3.4564
4.5519
3.9115
4.8800
4.1054
4.4506
3.4818
4.0263
3.6980
4.3777
2.4026
3.2872
3.5178
4.3380
2.6002
3.3687
1.5691
4.3847
4.1931
4.8054
2.1718
3.4358
3.5055
1.8266
4.3717
3.9877
3.9167
3.6718
2.1226
4.4558
4.4052
2.8864
3.4395
1.7364
3.7619
3.6305
2.9147
3.4274
3.7890
4.1292
4.1713
3.5935
4.8949
3.4481
1.6336
2.0000
3.6229
2.7152
4.3634
4.6610
2.7229
4.0135
3.7905
3.3900
3.5518
4.0124
4.7033
4.0104
3.6398
3.7213
3.2871
2.9917
2.8788
3.4035
4.4045
3.2962
3.0612
3.8423
3.7409
3.5068
3.0473
3.0156
3.8101
1.8103
2.0213
3.8393
3.0856
3.5825
3.5362
3.2306
2.6547
3.5520
2.6510
3.1745
4.1210
3.8911
4.0661
4.0453
3.1601
3.6568
3.6568
3.1301
4.6960
3.2719
2.5595
3.1026
3.0281
4.4090
3.9946
3.3028
3.4575
2.8644
4.0025
3.1984
4.1259
3.9227
3.4004
3.7222
3.1076
3.6534
4.0528
4.0687
3.7243
3.9034
3.9800
3.0335
3.4972
4.3711
2.5883
3.2329
4.0584
3.3651
3.0195
3.5284
3.5255
3.7229
2.7666
3.2495
3.9246
2.1777
3.4255
3.1103
3.6907
3.7176
4.9672
3.8285
4.1308
3.4057
4.0348
4.1858
3.2289
3.3533
3.9691
3.5715
3.8866
3.3930
4.1270
3.9958
3.4474
4.0164
3.1486
4.0791
3.2021
2.6123
3.8972
4.1963
3.1004
4.3340
3.9995
4.2041
3.1994
4.1625
3.8634
2.9576
4.3187
3.8701
3.4868
3.3018
3.6325
2.7606
2.1005
4.4343
3.1868
3.8869
3.4359
3.1644
3.3470
2.3184
4.5339
4.1239
4.0064
2.9062
3.1336
3.3117
3.9156
3.2981
4.3252
4.3082
3.5736
3.8709
3.0495
2.7516
2.3771
3.5441
3.9029
3.4184
3.1929
3.3765
2.5762
2.9472
2.8143
3.9627
3.5080
3.2598
3.8017
3.2372
3.8897
1.9678
4.3550
2.6351
3.9328
3.0245
3.4508
3.4964
3.9224
2.2086
3.6057
3.3131
3.7710
4.5678
3.8538
2.4712
4.1262
3.7131
3.4635
3.6301
3.4309
4.5554
3.0054
2.8189
3.5860
3.5470
4.1798
3.0226
3.7419
2.4609
2.8339
3.5879
3.6626
3.7411
3.3022
3.5906
4.1802
3.3974
3.4258
2.9659
3.2730
3.6362
4.0618
4.7163
3.3672
3.5374
3.6123
3.0107
3.3332
2.1420
3.5384
2.9839
2.8801
2.8857
3.2209
3.6239
2.7710
2.0157
3.2644
3.4513
3.5395
3.5848
2.0256
3.7132
4.7401
2.7801
4.0868
2.4011
3.5037
3.5468
4.1632
3.6561
2.7196
3.0888
3.5429
4.1317
3.9028
3.9763
4.0225
3.4342
2.6995
3.0500
4.1686
3.0710
3.5225
3.7072
4.6287
4.7130
4.5996
3.3312
3.5990
4.0241
3.2142
2.9213
3.7297
3.6092
4.0673
2.4316
3.4538
3.1905
3.9173
3.3980
4.0312
2.9861
4.3742
3.9555
3.7508
2.7161
1.6831
3.7733
3.2938
3.4978
4.0780
3.2430
3.9635
3.7108
3.2820
2.5713
4.0043
3.9900
3.4162
3.3622
4.3702
3.2005
3.2713
3.0805
2.8241
2.4038
4.0311
3.4207
3.6811
2.8319
3.4987
4.2097
4.2863
2.6699
3.4498
3.0636
3.7721
4.1293
3.0506
4.4068
2.9599
2.9564
4.4236
2.9965
3.7393
3.8680
3.8003
3.9285
4.1665
3.6137
4.3046
2.8259
3.3507
4.0559
3.7422
3.7817
4.0417
3.5840
3.8286
4.2924
3.7123
3.6972
3.8214
3.8388
4.1714
3.6592
3.5894
2.8775
2.5845
3.5366
3.6997
3.3016
3.7073
3.6825
3.4873
3.2465
2.3109
3.9303
3.5310
4.3038
2.6275
4.5977
3.5570
4.0080
3.8286
3.1134
2.4868
3.5249
3.6777
2.7381
3.9992
2.1972
4.4234
3.1126
3.5157
3.2847
3.7806
4.0549
2.5956
3.5352
3.3062
3.7958
4.0267
4.0075
3.1757
3.7952
3.7397
2.4717
3.1835
3.0438
2.8725
3.0933
3.6059
3.4911
4.4757
3.8338
3.3841
3.7170
3.7953
3.1785
3.1816
3.9684
3.2465
3.6097
3.2135
3.1921
4.4626
3.9668
2.5760
4.2870
3.6436
4.3256
3.9283
3.7028
2.7840
3.7829
3.9262
4.3131
4.0377
4.3103
3.6735
3.8056
1.3840
3.9975
4.0960
4.0790
3.1704
4.0425
3.6168
4.3662
2.9960
3.2001
3.4669
4.3627
4.3603
2.7958
4.3072
3.6615
3.9913
3.4199
3.8945
3.9691
3.3944
3.4335
4.3125
3.5059
2.8165
4.3434
4.0721
2.8142
4.1993
4.2422
3.6983
3.5412
3.5783
4.0326
4.2289
3.2749
3.8141
4.6132
3.0645
3.5110
2.8825
2.4181
3.8934
3.8342
3.3381
3.0466
3.3020
3.7919
3.4053
3.5449
3.4479
4.1032
3.5719
2.3511
3.3592
3.8159
4.2985
3.3735
4.5131
3.1303
3.5030
3.2826
3.3190
3.5183
2.1429
3.7143
1.9769
4.0159
3.2983
2.8016
3.8057
4.0256
3.7837
3.5277
4.2130
4.2796
3.1611
3.4665
3.1448
2.5405
4.3936
3.1954
4.0608
2.7179
4.5450
3.7265
2.2328
3.5007
3.4268
3.3256
3.1576
3.1871
4.3886
3.0618
3.4051
3.4853
3.3231
3.7065
3.9733
3.1602
4.4063
4.4298
3.8856
2.8697
4.2472
4.3691
3.3825
3.3308
4.0317
3.9205
3.5254
4.0206
4.2436
3.4206
3.9086
2.5438
3.1738
2.1363
4.3631
3.3836
4.4815
3.9205
3.3024
3.1200
4.1058
3.9670
4.1608
3.6344
4.0257
3.7430
3.7247
4.1052
3.6741
1.7135
3.6753
3.1489
4.3195
3.4832
4.2344
2.9937
3.3066
3.2801
4.3945
3.3013
4.1459
3.4725
3.2412
3.4444
2.6549
3.6950
3.3626
3.5076
3.8162
4.1611
2.7052
2.9425
3.3975
3.7877
3.4490
3.1834
3.6084
2.9256
2.5728
3.4781
3.1974
3.9515
2.8768
3.0338
2.4630
3.6913
3.4065
2.8503
2.7028
3.5440
3.7794
4.2354
3.0154
3.8568
1.3307
4.4044
3.3935
3.9026
3.2396
2.5297
3.5466
4.1087
2.8408
3.3090
3.5574
3.4470
4.2916
2.8550
3.6688
2.9032
3.3684
3.3696
3.4340
4.1317
3.7675
3.9350
3.4704
4.0429
4.0715
4.4825
4.0447
3.2851
3.2788
3.9618
4.7651
2.4899
4.0484
3.7531
2.5894
3.8001
4.3935
3.5453
3.5970
3.5435
3.0128
3.4967
3.4377
2.2489
3.6724
3.5024
2.7528
3.8781
3.7370
3.4614
3.6850
3.3969
2.9940
2.9924
4.3110
3.1765
3.7812
3.3089
3.3850
2.6741
4.0351
3.7727
4.6561
2.5850
3.1181
3.2483
4.3833
3.6941
3.6719
3.9086
4.0340
3.7294
3.8607
3.3200
3.4962
4.6249
3.3077
3.7641
2.6898
3.1884
4.0438
2.9080
3.9843
3.3815
3.7165
4.1260
3.2733
4.3166
4.5583
4.5617
3.3525
3.6109
3.7585
4.1006
3.4046
4.2056
3.9446
3.4932
3.5421
2.2256
3.9519
3.7279
3.8061
3.2001
3.5993
2.5958
3.7445
3.8240
4.0441
5.0000
3.9926
2.9067
2.8838
3.6590
3.7411
3.6623
3.3712
3.1732
2.5307
4.2796
2.7361
3.4727
3.0216
3.6346
3.9296
4.0130
3.7254
3.5808
3.8041
3.9427
4.0687
3.6434
4.0391
3.8139
2.9350
3.7252
3.9120
3.6295
3.0738
3.4486
4.1177
3.4618
3.6837
2.9888
3.4784
3.0464
3.8229
2.6979
2.8731
4.1780
3.9095
4.3947
3.4674
3.0600
4.5587
4.5506
3.6860
3.2283
3.4143
2.3213
4.2254
3.7672
3.8992
4.4042
4.4010
4.2963
3.0932
3.8782
3.8318
4.3867
3.8485
2.4747
4.0743
2.3375
4.0056
2.4779
2.7297
3.2098
3.0075
4.4275
4.3406
3.5738
3.3375
3.7454
4.0714
4.3841
4.1161
4.1904
2.6655
3.5111
3.1939
3.8568
3.5366
4.0080
3.7601
3.6893
2.8724
3.2099
2.2945
3.9134
4.6247
2.9763
3.7956
2.4544
3.8641
2.8768
3.4795
4.4623
4.0624
3.8823
2.7269
2.5179
3.4392
3.3651
3.1453
3.8285
3.6413
2.9298
3.6418
3.5170
2.9902
3.2281
3.3943
2.9830
4.1955
3.5158
3.2367
4.1542
3.2383
4.0420
2.7664
3.1373
3.2623
3.6564
4.5505
3.8333
2.0528
4.0211
4.0264
4.2364
4.2706
3.1353
3.6886
3.7269
2.2586
3.0237
3.5590
4.3026
3.8547
2.7430
1.9613
4.0544
3.0315
3.3043
3.2619
2.4080
3.6104
3.7603
4.4968
3.5723
4.0772
3.4903
3.2369
3.2753
2.8952
3.4177
1.4516
4.1844
2.7559
3.4554
2.9851
3.6178
4.3779
3.6226
3.7323
3.1044
4.0996
4.8072
3.1486
3.8694
3.4078
4.2702
3.3936
4.1008
3.5663
3.3934
4.0219
3.8228
3.1582
3.2702
3.6866
3.8622
4.6445
2.3664
3.1180
4.3732
4.0531
3.3173
3.3187
2.8471
1.5964
2.9503
3.0347
3.0116
4.0192
3.3452
3.7662
3.4060
4.0517
2.9752
3.9120
2.9705
3.3526
3.6833
3.8123
2.8513
3.7475
3.5743
3.4287
3.0051
4.0918
3.1880
3.8259
4.1192
3.1802
4.0396
3.7629
1.7649
3.4845
2.8835
3.4358
3.6369
3.5066
3.8353
3.5814
2.9980
3.8992
3.5998
4.3044
3.2939
4.0424
3.9010
4.2657
4.2495
3.6832
3.9257
4.2337
2.0328
4.4670
2.7505
1.6538
3.1979
2.1656
3.4423
3.3482
3.8253
4.2345
2.9975
3.6397
2.7245
3.2768
2.7705
3.6525
2.6087
4.1941
2.4669
3.4217
3.0595
3.5479
2.8353
4.1111
3.6004
4.5724
3.5595
3.4976
4.6585
3.4399
3.1587
4.7332
3.5246
2.6956
4.0519
3.7139
3.0139
3.7241
4.2287
3.3327
4.0871
2.8329
2.8491
3.0098
4.0552
3.9292
3.3088
4.5635
2.7203
3.3586
3.3669
3.4995
3.4339
4.2422
4.3728
3.5454
3.7906
3.5698
4.5830
3.5558
3.4420
3.8322
3.0117
3.4427
3.5315
4.3858
4.1252
3.6803
3.7993
3.9382
3.2810
3.8334
3.3948
3.2955
3.8323
3.4397
3.9414
3.9458
2.9581
3.0602
4.0875
3.4186
4.0091
3.0207
3.7389
4.0751
4.0349
3.9203
3.6297
3.6186
3.8848
3.6560
3.5060
3.6476
2.2897
3.6346
3.8811
4.5630
3.3755
4.0976
2.5466
3.8347
3.3153
4.4026
3.5127
3.7637
4.1924
2.7627
3.0710
2.9519
3.5254
4.9052
2.7561
1.6468
4.1220
3.6046
3.1476
3.4204
1.7187
3.3654
3.7477
3.6306
3.7259
2.6818
3.8384
4.0835
3.2115
3.5679
3.9147
4.1279
2.8828
3.0583
2.5165
3.9705
4.4952
3.0007
3.9858
2.2967
3.1073
4.5868
4.0751
3.4800
3.7755
2.9445
4.4900
3.2697
4.0362
3.2770
2.6124
4.9360
3.8007
2.1743
4.0273
3.8142
3.5251
4.3028
3.3195
4.6948
2.6924
3.7367
3.0706
4.1364
2.7390
3.9000
2.2935
3.6409
3.1331
3.2742
3.8474
4.4341
3.9422
4.2806
3.2289
4.1449
3.0644
4.5538
3.9114
2.9660
4.6648
3.8140
3.3222
3.5717
4.0288
3.0968
4.1135
2.6743
4.4992
4.0573
3.7912
4.1276
3.1480
3.7973
4.1005
2.0792
2.4128
4.3046
3.4506
3.1331
3.1299
3.6748
3.2630
3.5739
3.9912
2.5839
3.5037
3.7129
3.6432
3.7364
3.9096
3.8207
4.2953
3.4895
4.0166
4.1064
4.0970
3.3162
3.6022
2.9309
3.7091
3.0345
2.5810
4.6143
3.0498
3.8611
2.9411
2.2894
3.0982
3.5960
4.0130
4.2397
2.3743
2.6062
4.2352
4.0964
4.0089
4.0266
3.2119
4.3941
2.7071
4.4558
2.7719
3.2368
3.6996
3.6478
4.1761
2.9978
4.6121
3.6072
3.7900
4.4800
3.4602
3.1520
3.1295
3.2914
4.2041
3.0318
3.7219
3.5653
3.1760
4.3369
1.8488
2.9174
3.2570
4.3979
4.1137
4.2943
2.8288
3.1470
3.5390
3.4158
3.8381
3.5829
4.0818
3.7615
4.1823
3.6944
4.0567
4.2554
4.5642
3.3535
3.9997
3.4264
4.4323
3.1898
3.4242
4.6382
3.3508
3.3151
3.4780
4.0590
4.1095
2.6750
2.4130
4.0192
3.5635
4.4127
2.3569
3.9230
2.1627
3.7062
2.0632
3.9804
3.7078
4.0529
3.6754
4.4208
4.4596
2.8461
3.6246
2.1255
4.3168
2.5794
4.2926
4.4002
3.9850
4.1030
4.0778
4.0992
2.9643
3.3631
3.9229
4.1716
3.1157
3.5360
4.7078
3.1996
2.6050
4.0871
3.2964
3.4878
3.5793
3.6562
2.3779
3.1174
3.1585
4.1857
4.3005
4.4110
4.1073
4.2186
3.6116
3.8732
2.7793
4.3716
4.3287
3.6741
4.1650
3.6967
2.3219
4.8928
3.8087
3.2067
2.7368
2.7873
3.2047
3.9741
3.5637
4.1179
3.2470
3.5063
4.4138
4.0572
2.9074
4.1740
3.5926
3.3724
3.3488
3.1022
3.2828
3.0059
3.8347
2.3874
3.9369
3.1387
3.0612
3.2436
4.0742
1.5614
3.7108
3.4123
3.4415
2.7271
2.5053
3.3963
2.7962
4.1424
2.7339
4.7727
3.3712
3.9185
3.6009
3.5153
4.0498
4.0191
3.4202
2.5284
4.0062
3.4339
3.6704
4.0107
3.4868
3.3793
3.3780
3.5344
3.0801
2.6653
2.5993
3.0607
4.3552
3.6298
2.6696
3.4815
3.1398
3.5139
3.2692
3.9473
3.3511
3.1488
3.1091
3.4140
4.0286
4.0727
3.1896
4.0159
3.8625
1.5376
3.2561
4.3129
3.7703
4.1872
2.3280
4.6067
2.4704
3.8705
2.9235
4.1852
4.1238
2.0241
3.0619
3.7254
4.6155
2.8122
3.6334
3.5431
3.7586
3.9507
3.1829
3.0940
3.1365
3.2966
3.2567
3.1065
2.7759
3.8866
3.6405
3.8141
3.1106
3.3729
3.3712
3.5814
2.7414
4.6462
2.4721
4.0523
3.4347
2.0546
2.8840
3.9665
4.0452
3.6391
4.4946
2.3747
3.5678
2.7877
3.6130
4.0156
3.0926
3.4292
3.0754
4.2493
3.7409
3.7555
3.4036
4.0165
4.1502
4.3836
3.1905
3.9284
3.5281
3.7126
3.8234
3.3335
3.6537
2.5988
3.6501
4.1979
3.1664
3.8006
3.5724
3.6680
3.2055
3.3540
3.8629
4.0034
3.5182
3.5354
4.0606
4.2202
3.9010
3.3989
3.5891
3.5819
1.8996
4.8434
2.0221
2.6881
4.1064
3.5226
3.8883
2.1640
1.7146
3.0615
3.9505
2.0085
3.6883
3.6975
3.5552
3.5254
3.9470
2.7661
3.6961
4.4025
4.3553
4.2060
2.6919
3.5150
3.2682
3.0197
3.6143
3.8201
4.1589
4.0652
2.8038
3.4383
2.8105
3.9749
4.6533
3.5346
3.9478
4.2478
4.4536
3.5645
4.2039
3.1707
3.8660
3.4877
3.1381
3.2562
3.3246
4.5840
4.0234
3.5991
1.7658
2.8513
3.8357
3.2650
2.9235
4.0009
2.9678
3.1743
3.2150
3.4374
3.6888
4.2332
3.6553
3.3185
4.1144
3.1188
3.6000
4.3878
3.7694
4.1020
3.1704
4.0586
3.6739
4.0084
3.8967
3.3586
2.9277
4.1255
3.1633
2.2403
4.3750
4.3924
3.4383
3.4251
3.2530
4.9170
3.9930
2.1627
4.1143
3.2097
2.7920
3.6933
4.1513
3.9675
3.9817
2.6687
3.9537
3.0723
2.0942
4.1510
3.9708
3.6695
4.0306
3.2547
4.1382
3.5594
4.3836
2.9876
2.8888
3.5056
2.7242
3.2732
3.1365
3.5136
3.4149
3.5868
3.7233
4.2867
3.1624
3.3314
4.0505
4.7241
3.2009
3.4854
3.1687
1.8919
3.0446
3.4929
3.7763
4.0646
3.6775
4.2621
3.3959
2.5919
3.0849
4.0151
3.7767
2.7697
4.2125
2.1854
4.6642
3.0116
4.1602
3.9513
3.3080
2.9347
2.6326
3.5566
2.6039
3.9892
4.0615
3.2047
3.0241
4.4802
4.0539
3.5726
4.2041
4.3094
2.7353
4.0959
3.3074
3.6640
4.1910
3.6237
3.5026
4.1287
4.2833
3.2313
3.5782
2.4555
2.7620
3.7729
3.8774
3.7295
3.1301
3.8906
3.4185
4.3507
2.7781
2.9462
3.7027
3.5434
3.2351
3.5581
2.5654
2.4998
2.4411
2.7937
4.1821
3.5898
2.8726
3.8507
3.3147
3.8987
3.5262
4.3609
3.6097
4.3768
3.8546
2.8781
4.1872
2.6306
3.6156
3.7575
3.7543
2.6845
2.3700
2.4366
3.3868
3.7005
4.2723
4.2701
3.5623
3.9599
4.0053
2.9854
3.8807
3.3557
3.9350
4.1267
3.7364
3.5291
3.5354
3.9084
3.3812
4.1133
3.1184
3.8042
2.3830
3.9463
3.7276
2.6425
3.4319
4.0960
3.8870
1.9097
3.7713
3.4870
2.8766
3.3204
3.5102
3.5823
3.8452
3.8333
4.2128
4.3690
3.8959
3.6060
3.6798
3.8887
3.4557
3.1831
4.0469
2.6472
3.8055
3.7134
2.4456
3.4048
3.1468
3.8096
2.7634
3.4828
2.5545
3.0282
3.6365
3.2227
3.0312
4.1361
3.7722
3.8762
4.8447
3.6587
3.9011
3.0790
3.5048
3.9397
4.2310
3.9293
4.3271
3.1646
4.2515
4.3328
2.7923
3.9343
2.7771
2.8511
4.1985
4.7806
4.0086
3.7506
3.4557
3.2634
3.5601
3.6811
3.7439
4.0531
3.5948
3.2913
3.8116
4.1024
3.4515
3.4798
3.7593
3.5239
4.2226
3.9294
3.4690
3.3808
3.7771
2.9268
2.7417
3.8406
3.9932
4.2488
3.7246
3.7879
3.8997
3.8380
2.6531
3.9130
2.5498
3.6951
3.0876
3.0026
2.6599
3.6010
3.5527
3.6844
3.6796
3.5736
3.6966
2.6728
3.8475
3.9706
3.1467
3.8453
2.7777
2.8085
3.7975
3.6619
3.9018
3.4499
3.5783
3.8450
3.6933
4.6802
4.1002
3.8057
3.5370
3.0131
4.0952
2.8336
4.0423
3.5534
3.6921
3.3140
3.9056
4.3810
2.9145
2.5803
3.3890
3.9367
3.5333
3.5946
4.2950
3.9791
4.0611
3.7405
4.1346
4.0034
3.6787
2.0687
3.4940
3.8160
3.7797
2.1148
3.8738
3.7130
3.3434
2.9643
4.1092
3.8993
3.7145
3.7337
2.8030
2.9916
3.2811
4.3872
3.6839
4.7897
2.8186
3.8301
2.0011
3.2366
4.2091
2.2931
3.9446
3.9478
3.5936
3.5386
1.9842
3.0810
4.3349
4.1045
3.4126
3.9125
2.3202
3.7897
3.9995
3.2252
4.1129
3.9877
4.4870
2.6746
3.9046
3.0747
4.0368
3.9251
4.0459
3.6835
3.3455
3.9054
2.3849
3.1557
3.9189
2.9641
3.9210
3.2587
3.9349
2.9086
4.1790
3.2850
4.2227
2.4140
3.1639
3.7492
2.8900
4.1698
3.4205
2.9253
3.6316
3.9453
4.0578
4.2659
3.0019
2.4877
4.0854
2.2591
3.3870
3.5649
3.3102
3.6024
3.6080
2.6925
3.5894
2.9805
2.8032
2.5823
3.6786
2.2992
3.7372
3.8794
3.9210
4.3809
4.4900
3.2728
3.7560
4.1893
3.4716
3.5608
3.7168
3.4663
4.1836
2.6791
3.9587
3.4535
3.6200
4.7773
3.1513
3.2108
3.4998
4.0406
2.7106
3.0342
2.8312
3.0784
2.2383
2.5328
3.8773
3.9207
3.8084
4.1348
3.5198
3.9545
2.6656
4.0015
4.0466
3.2271
3.7514
2.6323
4.0857
3.8204
3.2613
3.5405
3.9623
4.3142
3.6359
3.5042
3.2668
4.3067
4.2182
3.6380
3.7150
3.2700
4.0115
3.6757
3.4370
3.3772
3.6947
3.7791
3.6440
3.6109
3.4723
4.6250
2.3890
2.6567
3.7880
3.6364
3.8854
3.6665
1.8388
1.5619
3.9260
3.4260
3.9209
3.3218
3.2954
2.8177
3.3320
3.4239
3.2242
4.4203
3.5450
3.4054
4.2063
3.7744
2.6955
4.3046
4.0066
3.6558
3.8908
3.9017
3.7514
3.0860
4.0563
3.1755
4.2496
3.4295
3.3622
3.5444
2.5391
4.2276
3.5568
3.8800
3.3212
3.2787
4.6986
3.7934
4.0081
3.0492
3.2228
3.8085
3.2677
4.1273
3.1370
3.5947
2.0488
3.3732
3.3448
3.3529
4.3733
2.8707
3.0830
4.7733
3.5957
3.5055
2.4239
3.5806
3.3120
4.1977
3.4096
3.5334
3.4907
3.5597
3.8449
4.6334
3.4543
4.0948
3.3853
3.6894
2.8652
3.4355
2.9368
4.1152
4.2874
2.8222
3.5991
3.9025
3.4750
2.3170
3.0270
3.5910
2.8772
3.7157
3.8369
4.2459
3.0504
2.8771
3.6800
4.0077
2.8519
4.8558
3.1036
3.3335
3.6315
2.2922
4.6630
3.5773
3.8869
4.8102
3.9954
2.5312
4.2900
2.8306
3.5971
4.1553
4.1599
3.0771
3.2447
3.4747
4.0536
4.0471
2.3613
3.7294
3.9536
4.1702
2.8007
3.2017
4.3260
3.5439
2.7358
4.6206
3.6872
3.5432
3.8260
3.4017
4.1277
2.3023
2.8091
3.8868
3.7726
3.8516
3.3311
3.2133
4.0842
3.4711
3.4839
1.7646
3.4020
3.9900
3.5321
3.5223
4.3695
4.7607
4.3078
3.3289
3.4522
3.8091
4.2053
3.6810
1.8284
3.2311
2.6359
2.2644
3.3612
3.9462
4.1063
3.2854
3.9138
3.8985
2.1698
3.7707
2.8680
3.5320
3.3550
3.6341
4.2571
3.3562
3.1073
3.7078
3.2639
3.9648
3.5804
3.6535
2.6048
4.2981
3.9029
3.6881
3.8614
3.3856
3.2672
3.8183
1.9474
3.5660
3.9972
1.3965
3.4511
3.1739
3.7972
3.5223
3.4128
3.6264
4.0106
3.6701
2.4022
4.0488
4.2524
3.9618
4.1087
2.5853
3.3298
4.1476
3.1598
4.4201
3.3702
3.6907
3.5324
3.6799
2.8427
4.3428
3.0328
3.8379
3.8101
4.5742
2.4822
4.4072
3.8220
3.7484
3.2776
4.3377
3.1791
3.5314
3.3364
3.8271
3.5318
3.3600
3.4033
2.9479
2.8599
4.0792
3.0561
2.9607
3.4925
3.9735
3.9023
3.5341
4.2940
3.5570
2.4027
4.3484
3.9314
3.7401
3.3777
3.7459
4.4042
4.8903
3.7441
4.3798
3.0123
4.4613
3.5164
2.1960
4.1930
3.2514
3.1868
2.8401
4.5373
3.7529
3.3435
4.3653
3.6749
3.7376
3.0336
3.0542
3.7324
2.8429
4.0865
4.1701
3.9331
3.3511
3.3878
3.6266
4.3333
3.7299
3.3358
3.4760
3.7194
3.1617
3.6553
3.6659
3.9676
2.7555
4.2780
3.2617
2.9486
3.1010
4.1646
3.6537
3.3411
3.3964
3.7183
2.4956
2.7455
3.3230
4.1902
3.8282
2.2123
4.1559
3.9967
4.5145
4.1480
3.7087
3.9511
4.2908
3.6996
3.4510
4.0400
3.5127
4.1826
3.0924
3.8063
4.2043
2.7839
4.0408
2.9356
3.5723
3.4139
3.9797
3.6575
4.2887
2.4169
2.5216
3.2756
3.5144
4.0586
3.9075
3.3324
3.4488
4.4220
3.9000
3.5090
4.0665
3.4454
4.0135
3.6486
3.5754
2.3588
2.8421
4.0149
3.7719
3.5155
3.7618
4.1009
4.1433
3.5884
3.5490
3.5794
3.4103
4.2636
3.9629
2.4287
3.0846
4.4112
4.1429
4.1605
3.7920
3.9965
3.5091
4.2695
2.9117
3.0504
3.0180
4.0253
2.8313
4.0269
4.1183
3.1284
3.6202
4.5765
3.3137
3.3292
3.2142
3.2257
4.6936
2.9542
4.2345
3.9854
3.8761
3.6073
3.9469
3.8361
3.8428
4.4072
2.6844
3.5859
3.5072
3.4417
3.0637
3.6223
3.9595
3.2544
3.3591
4.4646
2.0435
3.1240
3.4831
3.5128
3.8047
3.2747
3.9075
3.3705
4.0057
3.7606
3.3389
3.1729
4.0114
2.1361
2.4957
3.8244
3.8863
3.5925
4.5825
3.6137
3.6402
2.9487
3.4283
4.0581
3.2218
3.4884
3.9716
3.9188
4.1601
2.9711
4.3443
2.7867
3.2535
3.1881
4.1577
3.1072
3.9975
3.0743
3.5203
4.1453
3.5726
4.2502
3.1029
2.9463
2.9317
4.0201
3.5582
4.2991
2.9133
4.1830
4.0298
3.7864
4.3767
4.5098
4.2128
3.6606
3.8643
1.0000
2.9804
3.9465
4.4165
3.2931
3.6694
4.2067
3.8139
3.8478
4.0383
2.8202
4.0249
3.4544
3.1707
4.5996
3.4428
3.3818
3.0629
3.1482
3.7178
2.3176
2.7062
4.1669
3.7791
3.3503
4.0419
3.8646
4.1198
2.1129
3.8631
3.9986
2.8860
2.2706
3.8701
3.8937
3.6789
3.8871
4.1371
3.3084
3.5244
4.3033
4.4073
4.0615
3.3102
3.1641
3.0423
3.4597
4.2379
3.7329
2.7242
3.3315
2.8839
4.3589
3.2259
3.4983
4.0001
3.6367
2.4232
4.0198
4.7072
3.6513
3.0986
3.1584
4.1508
3.0075
1.4475
3.4497
3.2559
3.5485
4.1015
2.1356
3.6206
3.6628
3.5353
2.9959
3.3106
4.0185
3.1495
3.8010
2.9260
2.1824
4.6240
4.0463
3.7561
4.0385
2.7909
3.9174
2.4971
3.9907
3.0978
3.7000
3.3009
3.7115
3.1568
2.1938
3.7473
3.7135
3.9866
3.6518
4.0612
2.7390
3.9100
4.3285
3.0901
2.8243
4.2477
3.1918
2.6749
3.5170
4.0699
4.4572
4.0288
3.6319
3.6671
3.5767
4.8915
3.8163
4.3567
3.1537
3.2015
4.2687
3.4872
4.4239
3.9463
2.6526
3.6815
2.3799
3.6096
3.6270
4.1371
2.5323
3.9949
5.0000
3.6649
3.7790
3.3501
4.7757
3.3746
4.5582
3.9378
3.3675
4.3700
3.3115
4.6986
3.8530
4.1928
4.0855
3.5361
4.1154
4.3850
3.4623
3.6366
1.7158
3.3911
3.4407
3.5270
3.6197
3.8009
3.3098
3.6052
2.8311
4.1227
2.6608
3.7012
3.9835
3.6533
2.2618
2.9130
3.3953
3.3521
3.6482
2.8411
3.8251
3.5255
4.3235
1.1909
2.9226
3.9275
3.6684
3.6312
3.9730
3.2837
3.1092
3.6853
4.2228
3.4681
3.6964
2.9536
3.2847
2.5676
2.1308
4.5365
4.2201
3.5563
2.7064
3.0684
3.5875
3.7746
3.8143
4.1702
4.1064
3.0976
4.3101
4.0712
3.2997
3.6950
3.1092
3.2021
3.1384
2.6465
4.2707
3.0587
4.0667
4.0496
3.5166
2.8324
3.4610
2.8977
2.9994
2.1507
4.5114
3.1797
2.6304
3.6357
3.3198
3.9875
3.7649
3.9093
3.2322
4.2610
1.9538
3.6967
4.4404
3.5214
2.4113
3.6743
3.1828
4.2016
3.9005
3.2014
3.9597
3.8263
2.2643
3.2325
3.6267
3.5630
3.2393
4.0522
3.7998
3.9275
3.2972
4.4338
2.3481
3.5036
3.4470
3.5932
2.7474
3.8976
2.1777
4.1263
3.8317
4.5944
3.5108
2.8077
3.7764
3.3002
4.1385
3.0923
3.5380
3.8547
3.6149
3.2016
3.2718
2.7138
3.9062
2.9541
4.4795
3.6225
2.9313
3.9908
2.6931
3.5373
4.4263
3.0548
4.0082
2.6084
2.9119
3.4908
4.0005
4.0396
4.1303
4.2338
3.4620
3.5484
2.5113
3.7237
4.0385
1.8072
3.8900
3.9088
3.7802
3.7034
3.8096
4.4722
3.9915
3.4980
4.0332
3.0258
3.8763
3.4549
4.5425
2.8817
3.8360
4.4889
4.3337
3.6159
2.3810
3.7301
4.1678
4.3380
4.5475
4.0608
3.5360
3.8777
3.8204
3.8505
3.2553
4.4214
2.8255
3.6727
2.1725
3.0724
3.6748
3.0327
3.4729
2.7855
3.1204
1.9539
3.2613
3.8059
3.5277
4.1958
3.2524
3.4851
3.1647
4.2394
4.6017
4.1008
2.9659
3.7091
3.4268
4.0676
3.9272
3.8759
3.4687
3.1262
3.8021
3.5189
3.5136
3.9634
3.4460
3.4218
3.1956
2.9790
2.6060
3.3992
3.9397
3.8688
3.6950
4.0157
2.5645
3.9509
3.9304
3.2844
2.9488
2.4635
3.7187
3.9671
3.6200
3.5639
3.3812
2.9508
3.6947
3.2387
3.8805
3.6193
4.7722
3.7098
3.8406
3.8775
2.8953
3.5173
3.3505
3.4529
3.5324
3.1937
2.5927
3.5174
3.8332
3.4393
3.8027
4.3941
3.3948
3.4525
3.3960
3.7305
4.3033
3.6731
2.8105
3.5868
3.7958
3.3309
2.5544
4.0777
4.1486
3.8866
4.3351
3.8280
3.8295
4.6634
3.3416
3.3699
3.4284
3.4378
4.3723
3.5264
3.7155
4.6004
2.0070
4.6114
3.4084
3.3488
3.2506
3.6770
3.4842
3.9494
3.9996
3.6768
3.1157
4.4310
3.1262
2.6394
2.3342
3.8915
3.8913
3.7667
3.9063
3.0635
3.9817
3.6164
4.4505
3.6834
4.3204
3.8435
3.4757
3.7277
3.8944
4.4163
3.9656
2.0550
3.9586
3.9220
3.6927
4.5806
3.3625
3.1706
3.8115
3.2282
3.2503
3.9394
3.1426
3.4509
4.4274
3.2691
3.2975
4.2420
3.0416
3.7075
2.1324
2.9788
2.7375
2.9131
3.9505
3.5581
4.3370
3.6139
3.1710
3.5480
4.0914
2.5351
4.2598
3.8837
4.0986
3.9346
4.1410
3.5154
2.9912
2.8691
2.8620
1.9039
3.9584
1.8382
3.4426
3.2175
4.0483
3.2964
3.3632
3.3881
3.6511
3.7796
2.7855
4.0275
4.1304
3.4981
2.6878
3.8322
3.9800
2.0291
4.2746
3.9967
3.8488
3.6450
3.6302
3.4635
3.9370
3.4548
3.7791
4.1109
3.0332
3.8037
3.6787
2.3481
4.4762
3.8811
2.9323
4.1096
1.5312
3.8656
3.6969
3.3528
4.0117
3.3277
2.0145
1.4108
3.9612
4.7587
4.1840
2.6825
3.2397
3.4042
3.5421
3.9870
3.5046
3.4323
3.5919
2.9712
3.4551
4.1813
3.2360
4.1769
3.9340
3.5449
4.3163
4.5780
4.0841
3.0298
3.2103
4.0521
3.3759
4.1965
3.8477
3.9743
4.6604
3.1771
3.1224
3.0885
3.7553
4.4722
3.0336
3.4168
2.9797
3.8498
4.0628
3.9245
4.0043
2.5683
3.1940
3.4779
3.3350
3.6703
2.0264
4.3675
3.5918
3.8269
4.2011
4.1795
3.1023
3.8038
3.3712
3.5887
3.8861
2.8379
3.2031
3.3450
3.8001
2.4453
3.7312
2.1814
3.7834
2.8855
4.0385
4.2893
3.5246
2.0006
2.2672
3.6923
3.8462
2.7136
3.4059
2.8489
3.4909
4.2056
3.8050
2.3521
3.6005
3.0428
4.5115
4.2267
2.9154
3.3545
3.2934
4.1478
3.3430
4.3478
2.7567
4.2678
3.6257
3.0507
3.5191
4.0836
3.9299
4.2588
3.3809
3.6960
4.6304
3.3725
3.8150
3.6871
3.0614
3.2803
2.4595
3.2091
4.0072
3.8749
3.9984
3.8073
3.4670
4.2025
3.8962
3.0515
3.6420
3.7607
3.1827
4.2278
3.6978
4.4791
2.4965
4.4275
2.9633
4.0715
3.7139
4.5772
4.5620
3.5576
3.3061
4.0167
3.5976
4.0783
3.8552
2.7224
3.6695
2.4598
3.5851
3.9024
2.0187
3.6375
2.5058
3.2365
3.3523
3.6853
3.6766
3.9868
2.5835
3.8679
4.0897
3.4561
3.2223
3.1498
4.3634
3.3855
4.3566
3.4398
4.1202
4.1050
3.0781
3.7737
3.6773
3.5641
2.9784
3.5354
3.8796
3.5143
3.8224
3.8189
3.3849
3.7184
3.6516
3.0710
4.1520
3.6121
3.8958
3.8960
4.3761
1.4505
3.2701
4.0320
4.0965
2.2095
4.3216
3.7530
3.3889
2.3655
4.0631
3.7515
2.2556
3.4487
3.8710
4.4403
3.5527
3.0661
3.2878
3.7441
3.9209
3.5972
4.1903
3.4517
3.9492
3.8783
3.8659
3.6710
3.3366
3.7907
3.3510
4.2053
2.2116
4.3091
2.7875
3.7446
4.0516
3.0376
4.1996
4.0153
3.6699
3.1102
3.8789
4.1392
3.2649
3.5277
3.1628
2.3498
2.7988
2.7116
4.0435
3.8646
3.5117
3.5032
3.2562
3.1449
2.7548
4.2255
3.5388
3.9856
3.0183
3.5370
2.8459
3.7187
3.7003
3.7321
3.3569
3.5726
4.2087
3.7279
3.6927
3.8611
3.3448
3.1801
3.9841
4.1810
4.2115
4.3842
3.9550
3.5098
3.5064
3.8266
3.3731
2.4458
3.8084
3.0251
2.9683
4.1062
4.0047
3.1347
4.1165
4.3496
2.5171
2.4151
4.2763
3.3731
2.9986
3.6406
4.3418
2.9157
3.0316
2.5901
4.0886
3.4242
4.0430
3.2030
3.4025
3.8816
2.3778
3.7949
3.6588
3.3673
3.5365
3.2722
4.5720
3.7800
2.6827
4.5138
3.8466
3.4456
2.7410
4.0069
2.8679
4.7835
3.6862
3.4414
3.4103
3.7771
2.7962
2.3820
2.8054
3.7111
3.1019
3.5895
1.5750
3.4456
2.9560
1.7118
3.6385
4.4877
3.8846
3.7002
4.6063
4.3015
3.6474
4.2262
4.2085
3.3558
2.9584
