4.1168
4.0607
3.4838
3.5718
3.9195
4.2051
1.9619
3.7770
4.1072
3.5681
3.4686
3.9534
3.6367
4.7822
3.2654
2.6379
2.7241
2.7961
3.7072
3.5920
4.3218
3.7993
2.8361
3.2122
2.4945
3.7987
4.0571
2.8356
3.4876
4.0085
4.1308
4.7281
3.9366
3.4297
2.9593
4.1489
3.9091
2.5240
3.3143
3.4452
3.6805
3.2252
3.3200
4.0665
4.3405
3.2860
4.1578
4.0075
4.3984
3.3185
3.5896
4.5248
3.8088
4.3875
4.1265
4.1803
4.0725
3.9060
3.9885
3.3267
4.2831
4.0403
3.9825
3.4853
3.8643
3.2731
3.1754
3.8339
3.1697
3.8157
2.7976
4.1584
3.5748
3.7703
2.9500
2.5165
3.3741
3.7274
4.2730
3.7054
3.2109
4.2894
4.4777
4.5949
4.5970
2.9759
2.8894
3.3744
2.0947
4.3685
2.7262
4.5589
4.3666
4.4853
4.5528
4.1611
3.3275
4.0922
3.1975
3.2257
3.9616
3.6263
3.8754
3.3439
2.6644
3.2740
3.4537
4.7461
3.8676
3.4872
4.1471
4.0547
2.6139
4.0432
3.5005
2.9463
4.2476
4.4469
1.8669
3.7980
3.8744
3.8313
2.5386
3.9109
2.9971
4.2156
2.5565
3.2534
4.2522
3.1850
3.3447
3.6904
2.8290
3.4989
4.3684
3.5903
3.8016
3.8649
4.1488
3.1554
4.1982
3.8319
3.5686
4.8753
3.9832
3.8076
4.0576
2.6612
2.8796
3.1687
3.8451
2.5994
2.3446
4.2734
4.6284
2.4686
3.9759
4.1373
1.6843
3.3387
3.2694
3.9229
3.8639
2.3060
3.5543
3.6954
3.5456
3.8187
2.0712
4.2772
3.4857
4.2692
3.8487
4.1716
1.6319
3.4423
3.2146
3.5931
3.8809
2.2740
3.3933
3.1587
3.8864
3.8673
4.3300
3.2013
2.6464
2.8831
4.0690
3.2461
3.9851
2.6955
4.2240
4.5021
4.4441
4.4274
3.3629
4.1418
3.1504
4.1002
4.5110
4.1643
4.6822
3.0242
4.1624
3.3185
3.0277
5.0000
3.5004
3.5640
3.3868
4.0377
2.1918
3.3262
3.9708
3.9411
3.5753
3.7699
3.9177
3.8291
3.7935
3.9172
4.1251
4.1511
2.2875
4.1909
3.5219
3.1965
4.3091
3.2781
3.9160
4.2864
4.3003
3.5969
3.3414
3.9626
4.0456
2.8194
4.1974
3.1066
3.0011
3.6981
3.5733
2.3340
4.0019
3.7765
2.5190
4.1063
3.7376
1.8651
4.1805
3.6949
4.4973
3.2507
4.2686
3.4675
2.0599
3.1036
1.0000
3.6671
3.9622
4.9904
3.8209
4.6831
3.9169
4.2276
3.5443
3.4934
3.3183
2.0234
3.0736
3.2419
3.8457
2.3407
4.2722
3.3627
4.2690
3.9373
3.2638
2.7782
3.6180
4.4621
4.1054
4.5864
3.5324
3.7500
3.6758
4.0602
3.9977
3.3864
2.7796
3.0472
3.7301
3.8799
3.8043
4.1690
4.3236
3.7528
4.5780
4.2514
2.3887
3.5316
3.5068
3.6386
3.1516
3.0746
4.1022
3.5187
2.8830
2.7139
2.6741
3.6143
2.8026
3.5107
4.0705
3.0782
3.3733
3.4999
4.5113
4.0802
3.9971
3.5965
4.1002
4.1012
3.7553
4.6553
2.4169
4.7967
2.9308
3.6555
3.5576
4.2491
3.8178
3.7570
1.8058
4.0607
4.3667
3.9387
2.4935
3.7867
3.2709
2.7543
2.8515
3.4083
2.3452
2.1740
2.9710
3.6216
3.1732
3.0425
3.0976
3.8061
3.3172
4.3760
2.6774
3.3853
1.7043
3.9351
3.5878
4.4451
2.9200
3.6576
3.6741
4.1345
3.4030
4.4450
2.9095
4.4841
3.4790
3.5213
2.8333
3.6424
4.6683
3.3063
2.9598
4.7592
3.9381
3.4919
3.4615
2.6194
4.1507
3.4292
3.4466
3.5326
3.6849
4.1707
4.2906
3.6152
2.9175
2.5862
2.7822
3.3589
3.9439
3.6389
3.4818
3.6070
3.5324
3.7799
2.6325
4.4244
2.7922
3.9293
3.7697
3.5650
4.4744
4.5319
4.0547
2.7036
3.3687
3.0369
3.6539
4.1365
3.4934
3.4767
3.3583
4.3255
4.5127
4.6322
4.0077
3.7500
3.9126
3.7524
2.7689
3.8880
3.1335
3.0925
4.0386
3.6165
3.3084
4.2755
3.5653
2.8178
3.5783
3.0516
3.7006
4.7573
4.1179
3.5338
3.3564
3.7819
2.5576
4.1849
3.6900
3.1530
3.3522
4.2408
2.6310
4.2078
2.8254
3.5700
3.7832
4.9820
4.2379
3.6720
2.7363
3.6736
4.3905
3.1817
2.8148
3.6595
3.4633
2.7669
2.1876
3.8404
4.0263
4.0039
1.5115
3.5192
4.1739
2.9864
3.0627
4.1279
2.7964
3.9934
4.0944
3.9719
3.8026
4.1662
3.4533
2.4729
3.5633
2.8575
3.6101
3.3363
3.7579
4.2910
4.0779
3.2454
4.1814
4.0680
3.5932
2.9791
3.6215
4.5927
3.9773
4.3041
3.7690
3.6484
4.4319
3.2453
3.5730
3.1385
4.8519
3.9465
3.1090
3.0840
4.0105
3.6252
4.8949
2.8505
3.7108
3.3621
1.7604
3.9467
2.6300
4.1502
3.8979
3.6843
4.5218
3.0228
4.0400
3.4710
3.9531
2.7803
3.5042
3.2416
4.1844
3.5992
3.5064
3.3108
2.9455
3.9813
3.3467
4.3908
4.3784
4.0338
4.2729
4.1365
3.4792
3.1557
3.8530
3.6869
4.2157
2.6633
2.6047
3.6200
3.7438
3.5722
4.0218
2.8499
3.5239
2.5862
4.0508
2.9297
2.6547
3.9720
4.2082
3.5030
4.0485
3.2398
4.0165
4.2843
4.1561
3.9857
3.8944
3.5892
4.4087
3.8106
4.3312
3.7165
3.7759
4.0582
4.4896
3.1375
4.3352
4.8074
4.3123
4.0717
4.2746
4.4236
3.4068
3.2568
3.7996
3.5597
3.5324
3.8031
2.3454
4.1858
3.9943
3.8719
3.7201
3.7360
3.9283
3.4597
3.8883
3.6070
3.8489
3.7169
3.5654
2.1248
2.5245
4.5072
2.7180
4.2017
3.1499
3.9907
4.4763
3.1715
4.5094
3.5316
3.9303
4.0496
3.6843
3.2647
3.8464
3.3981
3.7521
3.1092
3.8913
4.8341
3.5030
3.2977
2.1475
4.6718
3.4502
2.5457
3.7499
3.3287
3.3643
4.0638
4.0804
4.1121
4.0351
2.2616
3.9223
2.5203
3.5416
3.3391
4.6226
3.7423
2.3084
3.7030
2.6541
2.0906
3.7060
2.7661
3.2713
3.5765
4.1843
4.4155
1.8329
3.1901
4.0493
3.9279
3.4928
3.8450
3.7716
2.2739
3.4357
2.9744
4.0812
3.6785
2.9220
3.3009
4.3434
4.5213
3.8573
4.1685
2.7670
3.8818
4.1585
4.4022
3.2888
3.1761
3.1694
3.3102
4.3744
3.2665
2.6745
3.1783
2.8580
3.6668
3.3998
3.3179
3.5078
2.9286
3.3986
3.8460
3.7787
3.1828
3.4628
4.0141
4.0125
3.9741
3.2000
4.4784
3.9727
4.3812
2.8539
3.5306
2.9407
4.1955
4.4253
3.2978
3.6068
4.3683
3.1691
1.9417
4.3683
3.2099
3.2381
3.7195
4.3138
4.1050
4.4613
4.1827
3.9254
4.0298
4.0920
2.8284
4.1120
3.0546
4.0620
3.9456
3.6635
2.8929
3.6936
3.0877
3.7114
2.7077
3.2190
3.7188
2.5012
3.4594
3.9554
3.5560
3.0427
3.6648
4.2185
3.0734
4.8311
3.6072
3.2579
2.4949
3.9105
3.8392
3.3348
3.7676
3.7389
3.3981
4.2936
3.3188
3.7110
3.1725
2.4485
3.4994
2.4707
2.8863
3.9795
4.0284
3.6211
3.2547
3.3563
3.7688
3.3995
3.2971
4.4216
3.9829
3.6424
3.7443
3.7394
1.0088
3.8960
4.4042
4.1591
3.3478
3.4450
2.7024
3.9595
4.4132
3.9803
4.4405
3.1435
2.9883
1.1522
3.2346
3.1761
3.9971
3.7655
3.9279
1.9962
3.5155
4.0878
3.1730
2.6667
3.6213
3.9726
2.9593
3.8737
4.0234
3.8300
3.9277
2.3562
3.5031
3.4193
3.9241
3.6156
4.2847
3.6442
3.8820
3.1987
3.4410
4.2138
4.3839
2.3768
3.4348
4.7636
3.5746
4.0859
3.2822
3.7201
3.1083
3.6326
3.8006
2.5587
2.4122
4.0214
3.5743
3.4630
3.9258
4.0449
3.7780
2.8672
3.4298
3.3419
4.5457
3.4343
3.7370
3.4545
3.7907
3.3621
2.9972
4.2512
2.8711
3.5408
3.5913
3.7745
3.8339
4.2414
3.5438
3.7703
4.5101
3.1038
4.0788
4.8288
2.2216
3.8205
2.3705
2.4418
3.2217
2.8903
4.2075
4.0630
3.1498
3.9357
4.2122
3.6910
4.1146
3.8152
3.9051
3.4123
4.3714
3.2417
3.5145
2.6850
3.3284
4.2003
3.5141
3.5758
3.8290
3.6959
3.8456
2.1345
3.6554
4.5387
3.1081
2.7464
3.4198
4.0954
3.1073
3.9789
2.7880
3.5919
3.7237
2.7333
3.9948
2.6017
3.4745
3.5699
3.5383
3.6609
3.3956
3.1987
4.2511
3.3625
3.1243
3.8508
4.0275
2.8344
3.1465
3.7143
3.0676
3.6003
3.7112
3.3756
4.0988
3.1039
2.2846
2.3025
2.7722
3.9142
3.5289
3.0585
3.2337
3.0851
2.3898
3.3216
4.0742
4.1864
2.7552
3.0497
4.0303
2.8821
2.7667
4.1203
3.6200
4.0637
3.9978
1.7448
3.0404
3.5486
4.3275
3.3461
3.6321
2.2295
1.6814
3.7168
3.4246
4.3013
3.0277
4.7951
4.0039
3.9631
1.9088
4.4429
3.9910
4.1802
3.0622
4.2068
4.6157
2.5200
4.2885
4.3569
4.1247
4.1509
3.7835
3.5384
3.0244
3.3815
4.5416
3.8475
4.2621
4.2233
4.1318
2.3658
3.7922
3.9541
3.0645
3.9116
2.5775
2.5816
3.5425
4.4388
4.3703
3.5199
2.7741
2.6850
3.1512
2.5689
4.6028
3.0891
4.7951
4.6867
4.2623
3.8298
3.2962
4.0482
3.5895
3.9064
3.1369
1.9424
3.6609
3.7528
3.5304
4.1442
4.2524
3.8229
4.1544
2.7348
4.3673
2.5359
3.3533
3.3911
3.1446
3.6912
3.7075
2.7567
3.7798
4.3898
3.2119
3.7253
3.2553
4.7488
3.9864
3.7896
2.2771
3.5134
3.2464
3.2917
4.1074
3.0061
3.8382
2.9630
2.6477
4.0783
3.4804
3.8516
3.8629
1.9785
2.3880
3.6137
3.2581
3.5802
3.5672
3.0458
3.6069
4.5928
2.8315
3.1378
4.0622
3.3979
3.3734
3.4647
4.2258
2.5576
3.7220
4.1193
4.1705
1.7082
4.6751
3.8989
3.5588
3.5848
3.5838
4.0915
3.2220
4.1185
2.4517
4.0213
4.3760
2.5198
1.8714
3.3423
2.5851
3.7815
3.8639
4.6059
4.3630
3.7139
3.3384
4.2266
4.4700
3.5280
1.9644
3.1547
3.7129
3.2288
1.1175
2.8192
3.4637
3.9959
3.6676
4.9350
3.9499
4.7970
3.4238
4.1006
3.1762
2.7759
2.7826
3.8548
3.1711
4.1676
3.7843
3.4554
3.0950
2.6074
3.1502
3.4719
4.1772
3.8907
3.2886
3.6676
3.0303
3.8338
3.3066
3.9080
3.9490
1.4301
3.7376
3.8651
3.1019
3.0601
4.2679
3.4540
3.3934
3.5482
1.9065
4.2898
4.1023
4.2735
3.9271
4.1351
2.6435
3.2704
3.7077
3.7792
3.0397
4.2009
4.5593
3.9706
3.4182
3.8524
3.6360
2.8610
3.5142
3.4759
3.2905
3.2594
4.3795
3.6314
4.1286
2.7983
3.9595
4.1766
3.2683
3.5103
3.5531
3.3239
4.4935
3.3620
2.0983
2.5798
2.8977
2.9701
2.1839
3.7954
3.3834
3.0600
4.6968
2.8992
3.6352
2.6134
3.8751
4.2805
4.0913
3.9456
3.2393
3.9933
4.2022
4.0286
3.5607
3.2562
4.1647
3.4931
4.3930
2.9488
3.7600
3.2157
3.2698
3.1092
3.5319
2.8422
3.7188
2.8095
2.0755
3.6491
4.0392
4.4449
3.0108
2.7767
3.0012
3.7600
2.0898
4.4201
3.6440
4.0405
3.2845
2.3656
2.8995
4.1591
2.5561
3.7470
2.4404
3.0328
3.7350
3.9915
3.5522
3.8752
4.5794
3.4179
3.0363
4.1854
3.9560
3.8167
3.5654
3.0776
3.5859
3.7457
3.7984
4.4136
2.5292
3.9817
2.4815
3.0611
3.9517
3.0517
3.3973
5.0000
4.8374
3.1972
2.5874
4.7481
2.3358
2.6971
3.7876
4.1617
3.8639
4.1869
3.5455
4.2132
4.1479
4.2821
3.3519
3.9289
3.3141
3.5679
3.0437
3.3287
3.3042
3.4781
3.8830
3.7099
2.8202
3.5928
2.0923
2.8538
3.3466
3.8702
4.2259
3.2853
4.0966
2.6465
2.1403
3.6723
3.9676
4.8176
4.2007
4.4855
3.0844
4.0382
2.3212
4.2711
2.8666
4.1102
3.9142
3.3825
3.6434
3.6751
2.5162
3.1864
3.5941
4.1814
2.0466
4.3147
4.2749
3.7539
3.9328
3.9474
3.8707
4.1395
3.5840
3.9311
3.4367
2.5244
4.0385
3.9770
3.5656
3.4590
3.9574
2.6862
2.8560
2.3412
3.8748
3.0109
3.0365
4.3551
3.4655
4.7250
4.1397
4.0932
2.9342
3.9799
2.9670
3.9084
4.2806
3.5086
2.5291
4.5220
3.6865
3.3157
3.7932
3.4902
2.7555
4.3091
3.3177
4.5264
3.8912
2.9447
3.9689
2.8527
3.4834
3.1714
3.9576
2.6927
3.7717
3.4503
3.2047
3.5852
4.0194
3.3772
3.7131
3.9166
3.6902
2.9916
4.0718
2.1304
3.7891
3.8978
3.5324
2.9304
4.2920
2.7355
2.9454
3.0086
4.4849
3.9540
3.5543
3.6519
3.5369
4.4556
3.5594
2.2237
3.3336
2.9406
3.9246
3.4054
2.3438
4.2474
3.5519
3.9011
3.1428
4.2259
3.4871
4.3783
3.9125
2.9700
3.3815
3.7418
2.5582
3.6573
3.4603
3.5865
4.1599
4.2515
3.2513
2.9116
3.3950
2.6837
3.1568
4.1426
3.3944
3.5086
2.8579
2.3666
2.8349
3.8400
3.1206
3.4413
3.4594
4.5923
2.0582
4.0578
3.3426
4.1607
2.7504
3.8016
3.2598
4.0955
4.0241
3.2314
4.0134
4.2773
4.3360
3.1907
3.9906
2.9091
3.6426
1.8067
3.6539
3.6062
4.0319
3.4923
2.8751
4.3279
3.8136
4.1453
3.9144
4.3106
3.1537
2.2468
4.3650
1.5937
3.9375
3.8827
3.1002
3.9102
4.1409
4.3197
3.1390
3.3914
4.3785
4.1387
3.3046
3.0175
3.6560
3.5436
3.1658
4.4365
3.8307
3.7501
2.9997
4.0759
2.9202
4.3907
3.8755
3.9865
1.4205
1.6734
3.6418
2.9926
4.0519
3.9834
2.8142
4.4145
2.5901
3.7054
2.0824
3.8344
3.9966
2.6322
4.7308
4.0150
3.6596
4.0264
3.9139
3.3726
3.9056
2.4261
3.6820
3.7954
4.2556
4.3676
3.4508
3.8903
3.4409
3.6399
3.2341
2.7412
3.5124
3.1783
3.2642
3.7038
3.1267
3.9946
3.1994
3.9030
2.9888
3.4787
4.5152
3.4212
3.1238
3.3129
4.3549
4.1586
3.7185
3.7583
3.4448
3.2782
3.2252
3.3838
2.1297
3.2673
3.8944
4.4861
3.8336
4.3498
3.2621
2.2404
4.2435
3.9786
3.2390
3.8213
4.5630
4.0737
3.6865
4.1977
3.8490
2.2826
4.0590
3.8550
3.7319
2.7983
4.4486
3.5088
2.1268
4.4006
3.7017
2.9545
2.9678
4.4028
4.0872
4.6118
4.2004
3.3708
3.8510
3.6528
3.4094
3.8057
2.9973
3.8274
3.3158
2.9084
4.1491
4.1644
4.2931
3.1054
3.7720
3.7585
3.6884
4.0613
2.6409
3.9397
3.9160
4.1130
3.2779
4.7466
3.7250
3.5045
2.8456
4.7723
3.5818
3.4975
3.9726
3.4301
3.1510
3.9595
4.6844
2.7606
2.1007
3.8046
3.6090
3.9450
3.8140
3.7600
3.2062
3.9246
1.3641
4.0756
3.6362
3.3910
3.8621
3.2439
2.5858
2.7908
3.9858
2.9751
3.0664
4.2622
4.4269
4.3805
3.5531
3.8098
3.1096
3.8382
3.4060
3.7050
4.0970
3.9005
4.0983
3.3954
2.7663
4.0346
4.2699
3.7007
3.0370
2.8302
4.2996
3.1115
3.9911
3.6453
2.2250
3.4559
2.8886
3.3695
3.2779
2.9652
4.2423
3.5437
3.6689
4.0264
3.3177
3.6220
3.3719
2.8569
3.7873
3.4819
4.2643
3.8601
2.9953
4.4032
3.5024
3.5330
4.0262
4.2791
2.2289
1.3211
2.5537
2.8835
2.8877
3.6481
4.0625
2.2071
3.0688
3.9618
2.3180
3.9111
2.3790
4.4727
3.1281
3.2389
3.6832
4.1502
3.4422
2.8389
3.0452
4.4066
3.4863
3.2398
3.1388
3.4654
2.5892
4.2767
4.1364
2.3772
4.0328
4.0850
3.5114
3.9983
4.3072
3.0111
3.2856
2.4844
3.5863
3.9004
3.8263
2.2941
3.8863
3.7557
3.9961
3.1039
3.6083
4.1823
4.2969
3.4492
4.7279
3.3229
2.2439
3.4686
3.8182
3.3447
3.9834
3.5570
4.0307
3.6637
3.3626
3.4175
3.2871
2.6620
2.9520
3.1267
2.3416
3.1828
3.6137
3.9692
3.6120
4.2234
3.9592
3.5294
3.6253
4.7825
3.1836
3.8367
4.3502
4.3861
3.6889
4.4431
3.2535
3.3077
2.2711
3.6090
3.2612
3.7487
4.3676
3.6396
3.8081
3.5721
3.5199
4.1968
4.1743
1.2364
3.6925
4.2277
3.9533
3.9281
2.7321
4.1844
4.5326
3.1753
4.8979
2.0722
4.6965
3.1070
2.4401
3.9926
3.5114
3.2686
3.6643
3.2110
2.6476
4.0822
3.8009
4.6739
3.8684
4.0174
4.2053
3.0388
3.7065
4.0552
3.2889
3.7667
4.2505
3.5642
3.5327
2.9398
3.7143
4.0830
3.8398
3.2488
3.8787
3.4859
4.3334
2.0140
3.6451
2.7106
3.9487
4.4574
2.7761
3.1987
4.0572
4.0395
3.7416
3.2225
3.5017
4.2994
3.4266
3.6236
4.4186
3.8323
2.9515
3.7677
3.6136
3.9999
3.7863
3.6486
2.7623
4.6997
4.2297
3.4189
3.9695
3.6643
4.2086
4.5200
2.9893
4.2557
3.8774
3.5566
2.7320
3.3765
2.7602
3.4141
4.1857
3.0076
3.9083
3.4740
3.5643
4.3341
3.8681
2.8107
3.3379
4.4919
4.0512
3.0910
3.5001
2.8199
3.7348
4.2947
4.3426
3.5473
2.6204
3.1083
4.0564
3.5727
4.0050
3.9534
4.1237
3.7563
3.4539
4.0461
3.6360
3.3137
3.8474
3.4758
3.9606
3.2770
2.6405
3.9491
3.3707
4.4803
3.5751
3.6911
4.1731
3.9505
2.4666
4.8914
4.0722
3.6597
3.6799
4.4952
1.4616
2.7597
3.5078
2.8326
3.6750
4.6263
4.2878
3.3955
4.0764
4.2095
4.2554
2.8797
2.1340
3.9659
3.4919
3.4205
3.4652
3.2031
3.8908
3.3531
3.5646
2.8856
3.8111
3.4892
4.0532
4.9797
3.6514
2.8249
3.7029
3.2478
3.2247
4.6132
3.6701
4.0328
4.4660
2.9775
4.2268
3.2837
3.1070
3.6680
3.7318
4.1708
4.2427
3.9757
3.4298
3.0753
4.1037
3.2846
4.6829
3.8624
2.3492
2.4609
3.7502
4.5055
3.1532
3.4924
3.3718
3.0038
3.9521
3.8738
2.3458
3.5361
4.3189
4.0808
3.6716
3.8282
2.9524
2.2281
3.5324
3.5216
3.2238
3.7807
3.9927
2.6132
3.8773
3.2839
3.5171
4.6873
2.7602
2.5417
3.5932
4.2460
3.9497
2.4386
4.5863
3.6146
3.5195
3.2816
2.6558
2.4192
2.2594
2.9779
3.1477
3.0560
4.1621
4.0632
3.5857
3.5972
4.1874
3.2744
2.5262
3.9265
3.8879
4.6393
3.8674
3.4896
3.4506
2.9429
3.1095
2.6460
3.0316
4.0114
4.0591
2.8914
3.4276
2.5160
4.7044
2.1522
3.4456
3.5165
3.1224
3.4621
3.8412
4.1302
3.9017
3.1801
3.8022
3.8321
3.4094
4.0771
3.1859
4.1038
4.2496
3.8489
2.9868
4.1441
3.4658
3.4190
3.2943
3.8971
3.5157
3.8951
4.2841
4.2362
3.4771
1.3186
3.9076
3.6332
4.4470
3.1608
4.3583
3.3689
1.5528
3.7871
2.2820
3.0064
3.2842
3.7045
3.5778
3.8900
2.6940
3.8263
2.6266
3.8071
4.6845
3.6003
2.9977
2.9352
3.6866
3.3090
3.8707
3.5668
3.8853
2.7760
3.6624
3.0816
2.9287
3.8192
3.6643
3.4489
4.4640
2.6793
2.8020
3.2606
4.1598
4.2059
3.8827
3.5203
3.4964
4.4708
3.5187
4.7585
3.6788
3.3133
3.2956
3.3385
2.9514
4.0089
3.1129
2.9972
2.6253
2.6320
3.9717
3.2380
3.0015
3.7267
3.5271
4.6019
4.0774
4.2115
3.6795
3.1008
2.9807
3.2036
4.2730
4.0005
4.6973
2.8108
3.2763
2.4890
4.3351
3.5201
1.9143
3.8275
4.1458
3.0145
3.2871
3.4728
3.2216
3.2703
3.1846
3.2691
2.9345
2.7195
3.7304
4.1826
3.5125
2.8242
2.7128
4.0581
3.4738
1.8186
3.7027
3.7780
2.3770
3.8297
3.3635
3.4141
3.0572
3.2736
3.4672
3.5296
3.6251
4.0191
3.4782
2.7478
3.1997
2.3112
3.1337
3.8614
2.9272
3.5819
3.8587
2.2778
2.9264
2.6866
4.0733
3.4723
3.3208
1.7757
4.5567
3.7965
3.4391
3.6836
3.3762
4.2461
4.0054
3.1510
4.1683
3.6247
3.3047
3.7171
3.3516
3.0377
3.9572
3.1105
2.6315
3.3083
2.5654
3.3706
3.9980
3.9236
4.1628
3.5677
2.4757
4.0023
4.6235
4.0232
3.9409
4.2447
3.3649
3.4761
4.7691
4.2292
3.1781
1.5629
3.9048
3.9785
3.5229
2.1205
3.4574
2.2324
4.7523
2.9127
2.7067
3.4583
2.7800
3.0459
3.4006
3.6959
3.7414
3.3126
3.0334
2.7480
3.9726
4.0055
3.2909
2.3037
3.2244
3.9982
3.0325
4.3763
3.9534
3.3214
5.0000
3.5744
3.9757
3.2616
2.1514
3.3908
3.4227
2.9901
3.9740
3.0000
2.3633
3.9046
3.0948
3.2950
1.0000
3.6133
3.1251
3.2515
3.0862
2.7072
1.6294
3.8441
3.7060
3.5770
3.9059
2.7088
3.5856
4.1186
3.0381
3.9157
2.9913
4.4322
2.8568
3.9229
1.9395
4.0679
4.3061
4.1996
2.4322
4.3973
3.1836
2.7207
4.2426
2.7614
4.8059
3.6971
2.9683
3.1970
2.7527
3.6895
3.2644
3.9303
3.8711
3.4459
1.7923
3.6835
3.6814
2.8326
3.4859
3.9598
4.6043
3.8953
4.3790
3.1377
3.4612
3.7604
2.7041
4.3222
2.9914
3.7268
2.7008
3.6041
2.3917
3.8198
2.2804
4.2878
3.8771
3.4476
3.8281
3.2967
2.7226
2.3449
3.0303
3.4151
3.1499
4.1613
3.7900
3.3714
4.3209
3.7902
3.7599
1.7741
3.9070
2.8816
4.1126
3.8558
2.8124
3.5866
3.6132
3.3688
3.9840
3.6892
3.2361
2.6079
2.4367
3.0997
2.2444
3.0119
4.3598
3.0774
1.6529
4.8626
3.1071
3.6846
3.1496
3.0797
1.3251
3.6030
3.7706
3.7103
2.9773
4.4033
2.6912
3.3634
3.8197
3.9001
1.3899
4.3246
3.0811
3.4748
3.2090
2.6426
2.7873
4.0959
3.7806
3.0672
4.3167
3.2607
3.4475
3.0394
3.6951
4.2058
3.8191
4.0517
3.4342
3.2316
3.2926
4.7482
3.0300
4.0425
2.6708
2.7818
3.8529
3.1866
3.2980
2.7651
3.6554
4.0155
3.8557
3.5986
4.3683
3.5319
3.1769
3.7371
2.8783
3.7728
2.9048
3.5555
3.7260
3.0877
2.2418
4.6014
2.0509
3.6601
4.5438
2.7480
2.1673
3.5102
2.6439
2.6020
4.5563
3.0569
3.5905
3.5281
3.5143
2.6713
3.7348
2.7783
3.7745
4.2333
3.8257
4.2360
3.2150
2.1017
3.5230
3.4199
3.9330
3.3807
3.2467
3.1616
3.5535
3.7767
4.4032
3.2625
3.9333
1.9743
4.2661
2.7929
3.7614
3.7814
4.3806
3.2395
3.7663
4.1678
3.7919
4.0202
3.5626
4.3176
3.9851
2.0616
3.2040
3.6534
4.1425
3.3889
3.1515
3.7454
3.7289
4.4108
4.1487
4.1989
2.8675
3.1453
4.5091
3.9779
1.9518
3.7404
4.0483
2.9390
3.2341
3.8715
3.7041
4.0685
2.1932
2.8693
3.8219
4.1087
3.2997
3.8623
2.9330
2.8994
4.0811
2.8105
3.1974
3.9129
3.7069
4.0640
3.7512
3.4076
3.7764
3.9780
3.8206
3.2354
4.1597
4.0663
3.8777
3.8682
2.4014
3.9985
4.3374
3.5030
2.7602
3.8796
3.5123
4.1032
4.1359
2.3274
4.8466
4.1709
1.8568
4.0306
3.5140
2.0301
3.9209
3.6993
4.2264
4.4116
1.4320
4.0617
3.9317
4.2510
3.0428
3.3999
2.1708
3.8920
3.4325
3.9901
3.0964
2.6773
4.1433
3.9010
3.1709
3.6950
4.6624
3.8304
3.6371
3.7240
3.7835
4.3559
3.2360
3.8672
3.3639
2.6839
3.6086
3.5312
4.0421
1.9921
4.4422
4.4405
3.8543
3.5310
1.7769
3.8350
3.8292
4.2931
3.8694
4.0756
3.0796
3.3685
2.6957
3.4099
4.3716
3.8457
5.0000
4.2028
4.1523
3.2579
3.9429
3.1888
4.2998
3.5070
3.6605
2.3828
3.6247
2.2574
3.7802
4.0748
4.0020
3.1250
2.9813
3.8284
3.1490
4.7106
3.4505
4.7228
2.8577
4.2098
3.7019
2.5573
3.5780
4.1101
4.1351
1.2860
3.7927
4.2842
4.8004
4.0573
3.0189
2.7982
2.2710
3.2791
3.1123
3.9690
3.3461
3.4020
4.4459
2.4459
3.4424
3.1518
2.9556
2.2070
4.1452
4.1936
3.7933
3.8186
3.1505
3.6909
4.6389
3.7416
4.7351
3.7616
3.4603
3.3971
3.5674
3.4228
3.7088
2.7615
3.6111
2.8397
1.8855
3.5480
2.5709
3.0760
3.5094
3.9678
3.2543
2.9522
3.0889
3.8972
3.8218
4.2974
4.2036
3.1383
3.4194
3.9792
3.7106
2.9535
2.4935
3.6911
3.8387
4.0493
3.4003
4.2291
3.5122
4.6147
3.6791
3.5326
3.8562
1.7413
2.9874
3.1863
4.2362
3.5033
2.5750
5.0000
3.5339
4.1520
4.0716
3.7318
4.1521
4.0901
3.3679
4.0769
2.4125
2.8588
1.9409
3.5551
3.9988
2.6829
3.5734
4.6371
4.4240
3.7628
3.4059
1.6643
1.9946
3.6476
3.6065
3.9369
2.9091
3.6324
3.7739
2.4615
3.3098
2.7000
4.0053
3.4596
3.5225
4.5783
4.1763
3.9850
4.6009
3.8093
3.6091
3.7926
2.9183
4.4239
3.8454
3.3918
3.6682
3.5952
2.2138
3.7638
3.4050
4.2305
2.8782
1.9563
4.3449
3.4275
2.6749
4.2703
3.1929
3.2131
2.9053
4.5104
4.4953
3.9338
2.7999
4.0974
3.5556
3.8282
2.8331
3.3273
3.4563
3.7760
4.0065
4.5209
3.1905
3.9938
2.0090
3.9964
3.6863
4.2428
4.3676
4.6938
3.2375
4.0473
4.0486
3.9030
4.1391
4.0213
3.5759
3.4423
4.4838
3.6190
3.0556
3.0907
3.7322
3.0310
4.1437
2.8505
3.6725
4.2412
1.9760
3.7677
3.3320
3.3083
3.5324
2.8803
3.7132
3.0218
3.6475
2.4596
3.4669
3.8628
3.4298
4.6983
3.4772
3.6633
3.4059
3.1761
3.8414
2.6942
3.9697
3.0909
2.6427
3.7900
3.3982
3.3005
3.2021
2.8514
4.1107
4.6872
3.5454
4.4922
3.4881
2.5959
4.1350
3.9997
2.7646
3.5203
3.5661
4.0151
3.9997
3.5745
3.0496
4.5231
2.6563
3.2130
3.8965
2.2551
3.9037
2.9710
4.0261
4.3800
3.9731
3.6831
4.3508
3.9071
4.4687
3.7351
2.6290
2.4119
4.1326
3.2375
4.8550
4.2255
4.7252
2.8625
3.1253
3.5127
2.1627
4.6053
3.7452
2.4837
3.0571
3.9957
3.0914
3.5210
3.8171
4.2629
4.2729
3.5946
4.1707
3.8923
3.8349
3.9291
3.8115
3.2429
2.8908
3.2255
2.9535
2.8965
3.5879
3.5678
2.4917
4.1957
3.0254
1.8993
3.8570
2.9120
3.5569
2.8243
2.2132
3.9670
3.2835
4.7765
3.4954
2.6649
3.2555
3.6119
2.7713
2.3191
2.4559
2.9064
2.2041
3.3766
3.4572
3.6258
1.8124
1.8901
4.7314
3.7062
3.2193
4.3142
4.0010
4.2726
3.8567
3.4647
3.1081
4.0413
3.9050
4.3706
3.6617
4.2538
3.5174
4.2917
4.5035
2.6910
3.1987
3.9075
2.1516
3.7624
3.8667
4.3128
3.5519
2.9516
4.4240
2.9748
4.1931
2.8559
3.8754
3.3730
2.1183
4.0988
1.5194
4.5683
3.2358
3.9283
3.9800
4.2588
3.4004
3.7939
2.0592
3.5397
4.4658
3.8222
3.8959
2.9557
2.2223
3.9874
2.9990
3.4261
4.7260
3.9574
4.2233
3.7434
4.2979
3.4670
3.6125
2.4839
3.9550
2.5264
3.7836
4.3061
3.7969
4.0261
3.4631
2.8510
3.8656
2.6884
4.0247
3.8004
4.0138
3.4108
3.3737
3.2182
3.2530
3.2853
4.0342
3.1821
2.7202
3.5540
3.9446
3.7166
4.3211
3.8038
3.0717
3.8123
2.3856
2.1092
2.8801
3.9353
2.0360
3.8263
2.8700
4.6875
3.6951
3.7147
1.0873
3.4738
3.9800
4.3405
2.3432
4.0112
3.0711
3.7643
2.9590
2.9278
4.4764
3.9777
2.7911
3.4368
4.6567
3.3803
3.9017
4.2474
3.1568
3.3610
3.3376
4.8013
2.8884
3.8745
3.4864
3.1071
3.2083
1.3360
4.3416
4.3176
4.0032
3.5454
3.7303
4.4121
3.7846
3.5061
3.3681
3.4579
4.4347
3.2005
3.9777
4.1350
3.7943
1.7040
2.1942
3.0180
2.9043
4.2626
4.4896
3.4247
3.6770
3.5704
2.8381
3.4144
4.2264
3.8585
4.7368
3.2884
4.7110
3.8127
3.8942
4.2528
3.5189
2.2640
3.8404
2.5528
4.1796
3.1854
2.3605
2.9351
2.8247
3.8532
4.2816
3.4801
2.6421
4.0325
1.6032
3.7918
3.8251
3.3578
3.9474
3.3269
3.4328
3.6104
3.8104
3.7856
4.1812
2.5365
3.8562
3.8658
4.7291
3.5558
3.8294
2.8547
4.3067
3.0230
4.4926
3.9965
3.1828
4.2071
4.4845
3.4262
4.1455
3.0470
4.1534
3.7626
3.9348
4.0130
3.6695
3.1053
3.8368
2.0844
4.1131
3.8794
3.5099
3.4466
3.2972
2.9498
3.1101
3.1512
4.8956
3.4209
3.9125
4.2287
3.3890
2.4003
2.9781
3.9614
3.2810
1.9682
4.2257
1.7113
4.5795
3.5501
2.0119
2.2610
4.3267
4.4371
1.6839
3.2002
3.7446
2.6416
2.9653
4.4741
2.1943
3.9434
4.5921
1.8010
2.6431
3.7107
3.9356
4.7515
3.4168
2.8321
3.5050
3.7809
3.7616
3.1320
4.2647
2.8228
2.9198
2.9208
3.1860
4.1097
3.9803
3.9840
4.5638
3.6075
3.3976
3.6789
4.0150
2.6717
3.0729
3.8822
3.8852
2.2756
3.7345
3.2070
3.5175
2.7730
3.2266
1.7609
3.7175
3.1107
3.4710
3.5187
4.3557
4.2422
2.4573
3.0918
3.7088
3.2212
2.6063
4.4857
4.3791
3.4919
4.3475
3.5268
4.1236
2.3396
3.8003
4.0327
3.8281
3.8435
3.7881
1.8360
3.4226
2.5357
3.8322
3.6018
4.0699
4.3185
3.9133
3.6120
3.4092
2.7971
3.5384
3.0595
4.2674
4.2933
2.8436
2.2162
3.6404
3.8128
3.7879
3.9513
3.8288
4.0843
2.9570
2.3257
4.5412
3.1064
3.2812
3.6202
2.5534
3.9310
3.5243
3.0382
3.9833
4.5621
3.9471
4.2123
4.6462
3.1841
4.0283
3.7324
4.0946
4.0709
4.2306
3.5656
3.1973
4.5962
2.9874
4.1345
3.9887
4.1518
4.0909
1.8231
3.7856
3.8585
3.8345
3.2814
3.1786
4.3256
3.1300
4.5257
4.0989
3.2589
3.9938
4.3616
3.5324
3.0152
4.3715
3.8168
4.5178
3.9522
3.6438
3.6225
3.8232
4.0775
2.5738
3.3374
4.1208
3.8044
3.3389
4.6843
4.2557
4.1360
3.8271
3.8589
3.3901
3.6458
3.1706
3.6805
4.2540
3.1360
4.0394
3.3913
3.3661
3.3130
3.5546
3.2966
2.6600
3.5129
3.8803
3.3522
4.6660
3.7446
3.2261
3.7834
3.7586
3.4796
2.9220
3.2932
2.6309
3.8527
4.4871
4.0139
3.7510
3.0407
3.8101
3.8437
3.8155
4.6929
4.0195
4.2732
3.1564
4.2298
3.2667
3.8982
1.4612
3.7435
3.1639
3.5035
1.9424
3.7558
4.4015
2.9570
3.4760
3.8867
1.6549
3.0734
2.2812
2.7206
2.0541
2.9122
2.6381
2.9951
3.2850
4.4202
3.8955
2.9843
2.9287
3.5030
2.6287
3.2554
4.9443
4.1827
2.9553
1.8479
4.1155
3.8231
3.6671
3.5325
4.0346
3.4286
3.8877
2.2357
3.2359
4.2669
4.1207
4.0107
3.6318
2.9240
3.0087
3.4063
4.3885
3.9615
3.1804
3.7239
3.3217
2.8147
4.2174
3.9022
4.2348
4.1469
3.7122
3.0246
4.0850
3.2866
4.6799
3.4310
3.6786
3.6742
3.2210
3.3581
4.2340
3.9338
4.0855
3.5214
3.1081
2.4094
3.7719
4.1521
3.4658
3.8534
4.6608
4.1740
3.2718
3.7482
4.6492
4.3352
3.1228
3.6167
3.7254
4.1470
3.5696
3.2456
3.9952
4.0051
3.4754
4.3757
3.5497
3.2800
4.0481
4.5841
2.6942
3.7639
2.7444
4.9641
3.1633
3.8506
3.4768
1.0000
2.8359
3.6307
3.1307
3.0637
3.3235
3.5560
3.2739
3.0350
3.6604
4.4008
3.6825
3.6966
3.7878
4.0213
3.0236
3.5191
1.9775
3.5736
3.1272
3.0387
3.7455
3.4389
3.2819
2.7673
3.1186
4.3423
1.6703
1.0000
3.5162
3.5634
3.5626
3.3731
4.3265
3.9124
2.0824
3.8999
4.4590
3.8588
4.2645
4.0165
3.4408
4.0774
3.8858
3.7359
4.2989
4.1063
2.0377
2.6600
3.3229
1.0000
3.8469
3.9550
3.8846
3.9537
3.8531
3.9364
4.2353
4.0516
4.2335
4.5370
3.1003
3.3952
3.8681
2.0033
3.7983
3.4165
4.1117
3.4359
3.7993
3.6254
4.6129
3.5303
2.7079
2.4232
2.0797
4.3208
3.7038
4.5278
2.1390
3.3168
3.8092
4.0655
2.8042
3.6480
4.4397
3.8016
3.2721
2.7621
3.5019
3.0429
4.0298
2.8052
3.5350
3.9937
3.4956
3.2627
3.6744
3.6109
3.2256
3.4584
4.1841
3.0688
3.4296
3.8539
4.0023
4.1097
3.5720
3.5818
4.0032
2.8252
3.0798
4.1316
2.2056
3.4450
3.5820
3.1979
4.5873
3.5318
3.2872
3.1945
4.3127
4.2741
4.4153
4.0916
4.5202
2.8787
4.7320
3.9878
3.5297
3.0462
3.3914
2.5583
4.1317
3.5848
3.9435
4.4218
2.0045
4.2936
4.2772
3.4912
4.1215
3.8504
3.2352
3.0843
4.2615
3.7090
3.5340
3.2463
3.8398
4.2550
4.2058
3.6407
2.7320
4.3224
4.5572
4.0598
4.2721
2.7829
2.4128
3.8856
4.0946
4.3660
3.3048
3.6114
4.3072
3.0200
4.3059
2.8663
3.7055
4.3006
3.7714
2.8696
3.4406
3.7967
3.7762
3.2228
3.5713
2.9254
3.2274
2.5432
3.7734
4.8092
4.1503
4.5848
2.7998
4.8442
2.3815
3.7554
2.9475
1.0000
3.2361
3.5571
2.6254
3.6756
4.2597
3.6499
3.6117
2.5248
2.3412
4.0749
3.7928
3.4557
3.8805
3.4746
4.1175
4.0724
1.8261
3.2712
3.7810
4.3528
3.8582
3.5246
3.1426
2.8229
2.1324
3.1568
3.4178
4.0140
3.2685
4.3704
3.3561
3.3368
4.1538
5.0000
3.9422
3.9903
3.8408
4.2666
3.5324
3.5324
3.8666
3.4522
4.6833
3.3364
4.3432
4.0512
4.0581
3.6104
3.9265
1.5550
4.2999
3.4917
3.1304
4.2479
3.6470
2.6439
3.9881
3.2553
3.9543
3.4211
3.0257
2.4682
3.7673
3.0980
2.2534
3.8627
3.2656
3.3472
3.2135
2.5927
3.7002
3.7735
2.8465
4.2338
3.4852
1.9077
3.1775
3.2433
3.8549
4.1341
4.2455
3.9407
2.9795
3.5604
4.3651
2.7964
3.6452
3.6084
2.3892
2.8351
3.8218
3.1607
4.1481
3.6595
2.6492
2.4917
4.0892
2.9660
4.2933
2.4588
3.1728
3.2263
1.7560
3.9931
3.6772
2.7065
3.2698
3.7992
4.1460
4.1312
2.9897
3.6335
3.8858
3.9222
4.2874
2.9477
4.1027
2.6000
3.3821
3.3212
3.5597
3.9004
4.2027
4.9079
2.7479
3.8732
3.2237
3.8781
2.8463
3.4802
3.8509
3.4286
3.2694
3.3070
3.8070
3.3598
2.5715
3.1874
3.5482
4.1210
3.5460
4.1754
3.3567
2.4200
3.1448
2.7427
3.3123
3.2856
1.9121
2.8733
3.2878
3.0246
3.4668
3.4472
3.8696
4.5217
3.6759
4.0161
4.2161
4.0787
2.7519
3.0053
3.2179
4.2698
3.7422
3.8959
3.7534
3.5701
4.4501
3.5429
3.8854
3.3635
3.0764
3.8074
2.7245
3.5092
3.6122
3.6752
2.1756
3.7138
3.0774
3.8932
3.2917
3.4938
3.6357
3.4444
3.0586
4.6017
3.0846
3.7060
3.4252
3.3157
4.7121
2.5793
2.8473
2.9333
3.5648
3.4065
4.1774
3.4397
3.2981
3.4000
4.4108
3.7059
2.4537
4.1385
3.7499
4.0932
3.1459
2.8655
3.6540
3.6542
3.5209
3.9035
3.7484
4.4448
4.1738
3.8700
3.5469
2.4246
4.0617
4.5576
1.9397
2.7271
3.3765
3.8135
2.7286
2.7901
4.4215
4.4952
3.4832
3.9936
3.8153
4.4432
3.4343
3.9481
3.3797
2.8457
3.6655
4.0791
3.3176
3.0403
4.0846
3.9151
1.0000
3.2448
3.3764
4.2086
4.1968
4.3188
3.3325
3.4986
3.8000
3.5626
4.6079
4.4009
4.3190
3.7581
3.2582
3.1005
4.9326
3.2834
3.3581
3.0541
3.7880
5.0000
3.0244
3.3228
4.0756
2.7631
3.1865
3.2498
3.5811
4.3075
3.2942
4.0779
3.0000
4.3350
3.4981
3.3778
3.6211
4.8612
3.5264
3.0612
3.7782
2.8612
4.4027
3.3641
4.1076
3.9547
3.8906
3.8312
2.9403
3.3365
3.4520
3.0136
3.9797
3.4647
3.5326
3.4019
3.2845
3.9870
3.6310
3.3614
3.7253
3.8936
4.2136
3.5630
4.0860
4.3422
3.3862
3.9033
3.6509
4.2683
3.4844
1.4292
4.3090
3.5368
3.9343
3.6446
3.5425
3.0982
3.8829
3.1856
3.0121
4.2556
3.4686
3.1487
4.3273
3.6854
2.9737
4.3851
3.1835
3.6379
3.8993
4.0662
4.5707
1.0546
3.7785
2.9322
3.9934
4.0177
4.4445
3.3177
3.2238
2.0642
3.3158
3.6711
4.2032
3.6789
3.5092
2.3544
3.6839
4.2862
3.5509
4.0211
4.0217
4.1278
3.1650
2.1400
4.5708
4.3351
3.2536
3.9408
3.3156
2.9762
2.8540
3.6658
4.5007
2.5248
3.4326
3.5517
3.3738
3.5737
3.4179
4.0770
4.3864
3.4733
4.1852
4.3370
3.7599
4.4253
3.7536
3.4978
4.1110
3.0231
4.2544
2.3029
3.6068
1.2691
3.5047
3.8552
4.6284
3.9646
3.4998
3.8666
2.6993
4.7968
3.4043
3.0520
4.2133
3.6439
3.5409
4.1315
3.3255
3.9092
4.1906
2.5055
3.9944
4.1083
3.9434
3.1109
3.6791
3.7747
3.8044
3.8526
3.6560
3.9434
3.5324
3.6248
2.4313
4.5417
4.0679
4.5240
3.0605
4.0836
3.7220
2.7507
3.8427
4.2802
4.4059
2.7812
3.3988
3.3537
3.2899
3.1722
4.1178
3.6636
4.1737
3.9327
2.7373
2.7029
2.7221
3.5896
2.7601
3.6998
3.8181
3.4843
3.7611
4.2028
4.0968
4.0412
4.4870
4.3109
4.2758
4.4042
3.5820
1.8891
3.8717
4.2117
4.2887
4.3991
2.9081
3.4759
3.5220
3.9860
3.9418
3.7355
2.6365
3.2289
3.4107
1.8784
4.1909
3.9170
4.5521
4.0989
3.3917
3.9726
3.3403
2.3442
4.2994
4.4951
3.7715
2.9873
3.6676
3.7684
4.2656
3.3292
3.0651
3.9835
2.7696
4.0432
2.0439
3.2394
3.2873
4.6232
2.9386
2.8350
3.2100
4.4365
4.4878
3.0142
3.0703
3.3744
3.4366
3.2927
3.6487
3.2441
3.6070
4.4187
4.1778
3.4857
4.3407
3.4444
3.4137
3.5034
4.2451
3.9144
3.1973
4.1636
2.7432
4.2111
3.2746
3.9222
4.3886
4.3986
2.7547
3.9526
4.0853
3.4803
4.8457
3.7125
3.4422
3.0981
4.2933
3.8738
3.0923
3.8099
4.2243
3.2326
4.6850
3.2828
3.1718
3.9995
3.7849
4.0786
3.7467
4.0487
4.6132
4.4488
3.1510
2.9715
3.1784
3.5600
3.2193
2.5677
3.8594
3.5524
3.8469
3.5621
3.4763
4.2000
1.3247
3.6610
3.7789
1.4012
3.2608
2.4362
3.1361
1.0000
3.5144
3.4077
4.4531
4.0137
3.6532
3.2167
2.7566
3.4859
4.0847
4.2060
4.6649
3.8834
3.8196
3.6525
4.0276
4.2642
3.2035
4.0009
2.2040
3.2567
2.8775
2.8348
3.0377
3.7339
3.7193
2.6975
2.7632
3.6644
3.4581
3.3889
2.0101
3.7459
3.9122
3.0485
3.7542
3.4835
3.2547
3.2889
4.5359
4.4046
2.8447
3.6065
3.4786
4.0368
3.4161
3.1500
4.3684
3.2423
3.8989
2.4791
2.7846
4.0421
4.4979
3.1451
3.3965
2.3590
2.9025
3.3204
2.4694
3.2412
3.5234
3.5907
1.9618
4.3871
3.5127
3.7045
3.3182
3.8543
3.1622
3.3870
4.0522
4.3964
3.5002
4.7398
2.8199
3.2138
4.1173
3.4003
2.9968
3.8528
3.8169
4.4562
4.0897
2.8560
3.6669
3.5260
3.2717
3.1592
3.6375
3.6346
4.0766
4.1523
3.9986
4.0800
4.3866
3.6195
3.2757
3.7940
4.3784
3.3326
4.2344
3.0519
3.1109
2.9619
1.6137
4.0812
3.1552
3.9612
3.6759
3.8881
3.9717
3.4223
1.1113
4.0638
3.7722
4.4584
2.1167
3.4232
3.3128
3.3756
3.9667
2.7626
4.3602
2.3235
4.8139
4.3057
3.4695
4.8839
4.0853
2.8633
4.3677
5.0000
3.4346
3.5638
4.6115
4.0736
3.7072
1.1099
2.9796
2.4683
3.6135
2.7427
4.1469
2.0566
3.2208
3.0136
3.0627
5.0000
4.4844
4.4806
4.2840
3.4962
3.3855
3.5353
3.3462
3.6693
3.5256
3.4914
3.7203
3.0488
3.7652
5.0000
4.3166
4.3685
3.7348
3.5560
4.3235
3.1030
3.2031
4.2650
4.0492
3.6337
2.8233
1.7144
3.9541
3.7275
2.8552
3.7331
3.8107
2.0440
3.4291
3.9072
4.2964
4.7574
4.1731
3.1779
2.1377
3.1886
3.1200
4.4170
1.9457
3.6396
3.6199
3.0523
4.1523
3.8568
3.6120
1.4864
2.8403
2.8727
4.3827
4.1788
3.7362
3.7187
2.2434
3.1499
2.0092
3.7942
2.6456
3.8925
3.3327
3.2331
3.9187
3.8717
3.1340
3.5234
4.0221
3.1788
3.2312
4.0316
3.6210
4.3079
4.1517
1.2459
4.2788
2.2670
3.0148
2.8633
4.3591
3.3174
2.9824
3.8959
3.3869
3.3961
3.4620
4.3517
3.7717
4.1190
2.8100
3.7087
3.2613
3.6949
3.0189
4.1194
4.6639
3.2551
4.0513
3.2219
3.6789
3.8606
3.8524
3.6492
3.2745
4.3917
4.2126
4.5513
3.3454
3.2994
3.7032
2.7201
4.5498
3.6669
1.5083
4.1668
4.3664
2.7955
4.3308
4.5655
4.0444
3.2899
4.1918
3.7231
3.3173
3.7150
2.9089
3.5395
3.5060
4.4249
3.0673
2.1794
2.9888
2.8759
3.1838
2.1819
3.7166
4.7320
4.4375
4.7645
3.9679
4.0807
4.0385
3.6890
2.3151
4.2575
2.8881
4.7575
4.1306
3.5983
3.4974
3.9019
2.9916
3.7574
2.6952
3.6997
2.5373
3.4637
4.7123
3.3996
3.4190
3.5374
1.9820
2.9235
3.8754
3.9025
3.3533
3.1548
3.5728
3.6227
4.4023
2.9482
1.7086
3.9179
3.3788
4.0510
4.7564
3.4361
2.6177
3.2920
3.1955
2.7667
3.0771
4.2684
2.7463
3.8629
3.5073
3.1742
4.2830
3.4776
2.6894
2.0830
2.6355
3.7130
3.5983
3.8068
4.0363
3.5553
3.5183
3.1681
4.1198
3.5797
3.5834
4.0955
3.5083
2.4770
4.1734
2.6734
4.2266
1.5307
2.9034
3.2549
2.2388
3.3800
3.3858
2.9392
4.1844
2.8730
3.3232
4.2880
4.0803
3.2996
3.8531
3.7977
3.2072
4.8357
4.2720
4.1201
3.5095
3.9352
3.7705
3.6278
3.4908
3.2435
3.6597
3.1863
2.2350
3.0117
3.8221
3.7427
3.5111
4.2273
3.7614
3.8659
3.6613
3.3110
3.7925
3.3700
2.6925
4.0042
3.1882
3.6052
3.1403
3.7048
3.4285
3.4984
2.9391
4.1327
2.7600
2.2472
3.6404
3.1522
2.9565
3.4234
3.0911
3.7245
2.8088
3.6280
3.4504
3.8145
4.4473
2.7346
4.3362
3.7230
3.2591
4.1570
4.6100
3.6418
3.3311
3.0778
2.9684
1.5621
2.9654
3.9122
3.8237
3.8915
4.1519
3.2012
3.4682
3.9528
3.4792
3.4163
3.4268
4.3720
3.5447
4.4812
3.0009
3.2125
3.1927
3.6369
3.7045
2.7937
2.8225
4.8885
3.0159
4.1940
4.0673
3.1668
3.6139
4.2580
4.7063
3.4091
4.0795
3.8162
4.6392
2.5686
3.3205
3.8614
2.5503
3.4824
3.9560
3.7768
3.8129
3.6414
4.1902
4.6321
4.0694
4.1384
3.6404
3.9732
2.8711
3.4547
4.6473
3.0761
3.6318
4.2686
3.8756
4.2851
4.0949
3.2476
3.3189
2.7868
2.9701
3.0996
4.6659
3.2546
3.8402
4.5112
4.0420
3.5957
3.5177
3.7370
2.0594
2.7778
3.4056
2.9724
3.9328
3.4864
2.6396
1.0000
4.1198
2.8582
3.9994
2.2613
3.4741
3.8050
3.4631
4.0869
2.1134
4.1098
3.2467
4.4869
3.1180
3.6857
3.4048
4.5026
3.3596
4.6764
2.8269
4.2452
2.1977
2.3641
4.4218
3.0853
4.7574
3.9842
2.6486
3.6483
3.7244
2.8097
3.1881
3.6255
3.4437
2.4551
3.7659
4.0428
4.3896
3.4516
4.7238
3.7040
3.3314
4.4246
3.8918
3.2525
2.8385
3.0813
3.3503
3.4657
3.5885
4.3674
4.8482
3.8795
3.8687
3.9813
3.0217
2.9740
4.5901
3.2123
3.3588
4.0131
3.2419
2.1932
3.9292
4.0841
3.8331
3.2963
3.3271
3.9700
2.1128
4.1539
3.3619
4.3774
3.4450
3.5708
3.7090
2.8386
3.0008
3.0484
3.9288
2.9400
4.3898
4.3246
3.4488
3.3787
3.4181
3.1281
4.0903
3.0742
2.7184
4.4549
4.0298
1.0949
3.9824
3.1897
2.7412
2.6698
2.6354
2.0344
3.6290
2.8464
3.7848
3.8706
3.7620
3.4153
3.8983
1.7904
4.0993
3.5077
3.8851
3.1693
3.5741
2.0809
3.9341
3.9319
4.1315
4.0074
3.7194
2.3471
3.2705
3.3934
4.3745
3.5562
3.3601
3.9572
3.6781
4.2306
2.4413
3.5324
3.0424
3.1470
3.0588
3.5298
3.9801
3.4133
2.8854
3.7815
4.4804
2.9658
4.2817
3.3323
3.4819
3.8991
3.4640
3.8736
3.2130
3.7057
3.5451
3.3273
3.9447
3.2649
3.0662
4.1048
3.1563
3.3185
3.7790
3.3867
3.4687
4.4211
3.6988
3.5423
4.3422
2.7367
2.7967
3.0761
4.0081
2.9485
4.0058
4.0029
3.6775
2.5397
3.2063
3.7546
2.8314
3.8096
3.9539
3.8690
3.6120
3.4178
1.6873
2.8026
2.7844
3.4163
4.4732
3.8788
3.1143
4.2091
4.1541
4.1579
2.3948
2.8741
2.7814
3.4532
3.1957
3.6029
3.1314
2.8855
2.4687
3.8827
2.8027
4.3543
3.8292
3.5301
3.8872
2.9235
4.3069
4.0383
3.6432
3.7776
3.9327
3.5671
4.4856
3.5659
4.1815
4.2194
3.8255
3.3600
3.4419
3.1099
3.0497
4.3197
3.3917
3.2179
4.5836
4.1716
3.7462
3.7682
2.9425
3.9864
3.9117
4.3006
4.4064
3.8951
3.4314
3.8740
2.2402
3.0281
2.5170
3.2786
4.1383
2.4708
3.8034
2.7075
3.1989
3.8413
4.5197
2.3199
3.8161
4.3405
4.2017
3.8540
3.7908
3.4507
3.6121
3.2146
3.9658
3.6452
2.2397
3.6284
3.6793
3.2260
4.3542
2.5846
4.1065
3.7504
3.4339
4.4183
3.2134
4.4003
3.2306
2.4916
3.2295
3.3445
3.0987
3.6391
4.0798
4.4377
3.7347
3.0839
3.2334
3.7038
3.9963
3.5307
2.9347
2.9461
3.6801
4.6901
4.0856
2.7321
3.6493
3.6709
3.3754
3.3440
3.5139
3.8485
3.6807
3.4810
2.6610
3.2523
3.8499
2.7185
2.7965
3.2228
3.4780
2.9885
3.4396
2.9265
3.6997
3.3717
3.6279
3.3773
3.3901
4.5784
4.0238
3.6713
3.8186
3.6149
4.4730
4.3858
3.9528
4.2859
4.0858
4.3270
2.6403
4.2508
5.0000
4.3592
3.9603
2.8274
3.3384
3.8233
2.8326
2.5937
4.0932
3.6747
4.3479
4.5785
3.5830
3.0794
4.1202
2.3534
3.2961
2.3952
4.1405
2.6060
4.2454
2.9449
2.8538
3.1671
4.0297
3.5305
3.3792
3.0742
4.9389
2.5615
2.1570
4.3818
2.5990
3.3539
3.1297
4.5273
4.1781
3.2580
3.9525
3.7861
2.7830
3.7007
4.0973
2.7560
2.6902
3.9870
3.2261
3.6682
4.0019
4.7416
4.5549
3.6465
3.0471
3.8969
3.6851
4.0101
4.3619
2.1655
3.5153
4.0300
3.8142
3.6706
4.1982
3.0844
3.6867
2.7940
2.4852
3.7428
2.5456
3.7552
4.0076
3.2666
3.2940
3.9043
4.3895
3.8107
1.9697
3.3826
2.3988
3.9421
4.0152
3.8593
4.1565
4.0850
4.0599
3.0692
1.0000
4.2422
1.7889
2.4303
3.1598
2.9364
3.0692
4.0373
3.8255
3.0940
4.4905
3.3029
2.9366
4.3015
3.2375
3.8397
3.7691
2.8247
3.2856
3.9480
4.1076
3.7016
4.5331
4.0840
4.0144
4.0940
4.1197
3.5276
3.1955
4.2567
3.5573
3.2574
3.4858
3.5458
3.5104
2.9243
3.6654
3.4642
4.8607
3.3869
3.4858
4.1810
3.7497
4.2060
3.7790
4.2174
3.7344
3.5046
3.8867
4.1618
3.5958
4.0320
3.8010
4.1665
4.3161
1.9277
3.8031
2.8701
3.3917
2.6772
4.2760
3.5692
3.0960
3.3700
3.2636
4.4191
3.6994
4.3541
2.4291
3.2758
4.2175
1.9294
3.5512
2.0960
2.3674
3.8368
3.5400
3.1585
4.1650
3.6336
3.8317
3.9271
3.7220
4.0000
3.4189
3.9294
2.3108
3.4737
2.8315
2.3901
3.4003
2.3206
2.8760
2.5086
3.9333
3.5802
4.0038
3.7467
1.4704
2.3332
3.3833
3.3766
2.2442
4.1337
3.6642
4.3217
4.6879
2.8786
3.4045
3.3953
3.5429
4.0160
3.1600
2.5908
3.3789
3.5726
3.6716
2.5171
2.0968
2.1171
3.0949
4.4438
3.9341
3.1010
3.5660
3.4564
2.9848
3.0701
3.6673
2.6135
3.3832
2.5389
3.3009
3.7410
3.9470
3.8482
3.6001
1.5049
3.5484
4.6114
3.9403
4.5210
3.7376
3.9950
3.3455
4.4904
3.8338
3.8532
3.3994
1.9989
3.9267
3.8404
4.4351
3.4647
3.8006
2.8315
2.7936
3.5376
3.5523
4.3968
3.4912
3.1430
3.6034
3.6148
3.4445
3.2436
2.7336
3.1878
4.2418
3.9720
3.6566
2.6457
2.7878
3.6950
4.1710
3.7205
2.5607
4.9617
1.8017
3.2996
2.9240
3.4288
1.9667
4.3066
2.4275
4.4833
3.8236
1.0974
4.1199
3.4749
4.2435
3.7408
3.9382
3.8034
3.9405
4.4868
2.8733
3.9236
3.3007
4.0974
3.3954
3.4958
2.6241
3.9700
4.4367
4.3392
4.0301
3.3013
3.8530
3.3297
4.4069
1.8214
3.4188
3.5220
4.1330
4.3975
3.4196
3.1784
3.4979
3.7724
2.5429
3.9154
3.2620
3.8445
4.0934
4.4085
3.6248
3.9515
3.4484
4.1608
3.3812
3.9672
3.9964
3.4761
4.4858
4.0162
4.1967
4.2344
3.8902
3.2084
3.1299
3.1308
3.4331
3.9216
2.7262
3.9489
1.8666
3.6624
4.2726
3.7038
3.7003
3.7767
4.4129
3.2331
3.3006
4.0189
3.6369
3.3170
3.9828
4.1852
3.9526
2.6338
3.5722
3.8652
3.5933
3.8794
3.6700
3.4629
4.1973
3.2628
3.5697
2.3598
2.6643
3.4856
4.1913
3.7259
3.7344
4.5649
3.5154
4.3251
4.2648
2.9009
2.7833
4.0514
3.8696
4.4109
3.4785
2.6131
3.4220
3.1536
3.5689
3.4119
3.5351
2.8466
4.1569
2.8546
4.0139
4.4686
3.0670
3.9519
4.3860
3.8751
3.9331
3.7212
2.8743
3.4311
2.8212
4.3578
2.8236
3.5124
3.6914
3.1359
2.9699
4.4343
4.0841
3.4951
3.6695
3.3863
4.0481
3.8316
2.9601
3.9634
3.1238
1.6372
3.8891
3.9673
3.8313
3.4414
4.1013
3.0951
4.1652
2.7147
3.6162
4.0506
4.0754
3.8221
3.4285
4.2519
3.9039
3.6602
3.6774
3.2917
4.0036
4.6203
4.0234
4.0124
3.1208
3.7598
3.1890
3.3683
3.1779
3.4632
3.6370
4.2366
3.6112
2.9309
4.4593
3.2797
3.7938
4.4228
3.7213
2.6710
2.5886
3.7217
4.0448
3.7297
3.6124
4.9101
1.5854
3.2752
4.0181
2.3345
4.1249
2.7499
3.7642
3.0197
4.1654
3.3438
3.5979
1.8292
4.1421
3.7274
3.7965
3.8057
4.2747
3.8606
3.9187
2.3651
3.0952
3.4494
3.8278
2.9768
2.1633
4.5951
2.9520
3.8993
2.7370
4.5581
3.9037
2.5911
3.9069
4.5205
3.7198
3.7120
4.3161
3.3294
4.4067
4.1295
4.0325
4.1806
4.4735
4.4197
3.8064
3.3008
3.4114
4.2575
3.3056
3.1112
1.6815
3.7007
3.8170
3.0582
2.4425
3.3167
4.1911
3.5101
2.3438
3.1144
4.8891
3.6903
3.1282
3.3609
2.8645
4.0832
4.2950
2.2118
3.1319
4.3559
3.2651
4.3337
3.5652
3.5752
2.9162
4.0419
3.7493
3.6183
4.5882
3.0854
3.2045
3.3120
3.5332
3.7347
3.2949
4.6124
2.6317
3.5912
4.6153
3.4472
3.8657
3.1571
4.6785
4.1484
3.0763
4.5947
4.1481
3.9880
3.0611
4.0798
3.2763
4.5313
4.1826
3.8679
4.1026
3.2718
3.5702
2.1052
3.8970
4.1798
4.4164
4.8389
3.6042
2.8784
3.1232
4.3026
5.0000
4.5021
4.2351
3.1707
3.6953
2.7141
4.5127
3.7726
4.4531
3.3258
4.0688
3.3801
4.0326
2.2354
4.5403
3.6439
4.4546
2.8684
2.3870
2.2602
3.3688
3.9897
4.4356
3.7361
3.5503
4.3176
3.4463
2.8657
3.9862
3.8802
3.2167
3.6922
2.6141
3.7314
3.2581
5.0000
3.9925
4.3098
3.4177
3.5407
4.6177
2.2798
2.5068
4.2659
4.1512
3.4282
3.8826
3.9434
3.3411
3.3317
2.8046
3.8054
4.2375
3.5148
4.0678
3.7160
3.1000
3.9875
3.2354
4.6373
2.6650
3.0184
3.3310
3.5929
4.0049
2.7387
3.7570
4.1420
2.8418
3.6514
4.0311
3.5657
3.6334
3.5442
4.4613
3.0847
2.7466
3.7485
4.1766
2.9842
3.2255
4.0941
3.7011
3.3996
2.9789
3.7792
3.6659
3.0906
3.8941
3.2069
3.6804
3.0953
3.4087
3.4005
4.6716
2.7609
3.9685
3.2887
3.1566
4.1332
4.0698
2.8781
3.6649
2.3846
3.1535
3.7432
4.1325
2.3593
3.9553
3.8214
4.1783
2.3501
2.9712
2.9327
4.2728
3.6185
3.4172
3.8743
2.3705
4.2127
3.1604
2.6817
3.6134
2.4801
4.1932
3.5252
3.3724
3.6701
4.6274
3.8903
4.0602
1.6984
2.6620
3.4574
4.4078
2.7874
3.4978
3.7552
3.3303
2.2921
3.8662
4.7177
3.9712
1.3677
3.7927
3.8498
2.5959
4.0737
2.7628
3.3882
4.0799
3.6167
4.2346
3.9230
3.9898
3.3715
3.8429
3.4232
4.0444
4.2047
2.9472
3.9677
2.6133
4.3701
2.9457
2.2780
3.8076
3.1728
3.8492
4.8301
3.7572
3.2801
3.1237
3.8868
3.1193
3.9122
2.3101
4.1626
4.6309
3.2007
3.5902
3.9345
4.1342
3.5366
2.6723
4.0934
2.7304
3.8471
3.6910
2.7806
3.3198
3.0945
3.6524
3.0228
4.4945
4.3001
3.5778
3.2982
3.6661
3.5181
3.5293
3.7174
3.0774
2.1798
3.1710
1.9558
2.8616
3.2274
3.2993
4.6141
4.0465
4.7418
3.3048
3.3748
3.9535
2.0240
3.7795
3.8709
2.2695
4.3365
3.6881
3.9278
4.5969
3.2962
4.1711
3.7935
2.4341
4.4334
4.1148
4.2661
3.6277
2.2331
3.0139
4.2946
3.9946
3.5133
3.1183
2.8667
3.2648
3.9167
3.6995
4.6530
4.7922
3.6650
2.8721
2.1633
3.6088
4.3044
3.7495
3.4725
4.0198
2.4439
2.7192
2.5519
4.4305
3.4463
4.1134
4.5829
2.9376
4.1740
3.0937
3.8088
4.1675
3.5551
2.3951
4.1602
3.2655
4.1399
3.9995
2.5693
3.2225
4.2871
3.7550
3.4560
3.4682
3.6643
3.7432
2.7802
2.8034
3.0398
4.1782
4.1417
3.1657
4.0031
3.0062
3.9389
3.8746
3.0708
3.5187
3.6885
3.2171
3.6520
2.4562
4.5253
3.9517
3.7581
3.7739
3.9612
4.0707
3.6495
2.7662
4.8565
3.9594
3.2286
3.8873
2.7438
3.3458
3.8659
4.4010
4.5983
4.3737
4.1055
3.4540
3.6487
3.7733
3.1066
3.7226
2.8079
3.8233
4.4052
4.0400
2.7480
3.3707
4.0090
2.2800
3.7247
3.9790
1.7767
4.1727
4.1125
3.4372
3.3033
2.5422
3.7617
4.0939
2.9312
3.7377
1.7837
2.6837
1.6727
3.6441
3.4618
3.3833
3.8032
4.5062
3.7040
3.9790
3.0194
3.9241
3.4434
3.8323
1.0000
3.2308
3.7545
2.7868
2.9210
3.9195
3.6445
4.0162
4.3031
4.1157
3.0135
3.4571
4.6017
4.0234
4.2935
3.1915
3.3255
3.5621
3.6278
2.5532
3.2795
3.8449
2.7158
2.9647
4.4301
2.2821
3.6716
4.3563
3.6854
3.2945
2.7689
4.0213
3.2980
3.9289
3.6819
3.7632
2.7711
4.4906
4.3006
3.2516
3.4230
3.7749
3.1024
3.3101
3.6332
2.0346
4.2326
2.9946
3.2056
3.3606
3.1801
3.7425
3.3051
4.3571
2.4622
2.4701
2.8231
3.8916
3.3616
4.3045
2.7858
3.8147
2.7140
2.5412
3.5176
3.2349
4.7406
4.1955
3.4094
3.9863
3.3748
2.9707
3.2758
3.3107
4.0200
4.1183
3.9468
2.8178
1.0324
3.5087
4.1927
3.5445
3.9545
1.8219
3.3010
3.1880
3.2831
3.6559
4.3057
2.5987
3.8585
4.1217
3.4146
3.1245
3.3320
2.6984
3.1581
3.8944
3.5558
2.7590
3.7854
3.7798
3.1757
4.1554
3.7532
2.7991
3.9871
4.2565
2.8766
3.5947
3.0858
3.9417
2.7472
3.6585
3.4503
2.6896
3.2980
3.1395
4.1088
2.5620
3.3748
4.2875
4.2833
3.5628
3.3166
3.9573
2.1008
3.5763
4.5919
3.1442
4.3247
3.5071
2.8987
3.3628
4.8639
3.2876
4.1102
3.5396
4.7519
3.4799
2.7063
3.5144
3.1794
4.2397
3.6112
3.6170
4.7028
3.9405
3.9861
2.4524
2.8281
3.2604
3.8564
3.9799
2.6617
3.9509
3.3385
3.4669
3.7145
4.1415
2.1576
2.6058
3.1737
3.1503
3.5936
3.3650
3.8943
3.6486
3.0044
3.6269
3.7416
3.4871
4.5919
4.1267
3.3665
3.9722
2.5757
1.5629
4.1861
3.5146
2.9181
4.4272
3.3125
3.6532
3.7930
3.4678
3.4316
4.0192
2.6173
4.2919
3.4229
3.2424
3.4547
3.1858
4.0276
3.6919
4.1300
3.9270
3.9894
3.0412
3.0017
4.4127
3.1545
3.9480
4.2378
3.3439
3.7511
3.1694
3.7709
2.9564
2.8493
3.4726
4.7254
4.9014
2.7940
3.8896
3.2424
3.5797
1.6843
3.6595
2.6396
3.6889
3.1159
2.9105
4.3747
3.9888
3.9139
3.3734
3.9225
3.4784
3.8339
4.3265
2.4877
3.4649
3.7174
4.5869
3.9694
4.7887
2.9984
2.4436
3.1255
4.3921
2.7361
3.2604
2.6025
3.5087
4.0029
3.6001
4.2933
3.2226
4.0590
2.9942
3.2349
3.0909
4.1997
3.7378
4.3398
2.9371
2.8290
4.0766
4.3102
3.4681
3.1527
3.3488
4.4011
3.6957
3.2251
4.2013
3.3829
3.0572
3.6740
4.1587
3.2794
3.3839
3.2057
3.9112
3.0094
4.2545
3.9555
4.1004
3.8799
3.5572
4.4880
3.7375
3.1361
3.5978
2.6532
4.0164
3.7842
3.8596
2.6074
3.4915
2.8999
4.0781
3.6936
3.5455
4.0213
3.7406
3.8955
4.8951
4.0950
2.8885
4.2052
3.0193
2.3449
4.0039
3.4452
3.5923
3.8644
3.3033
4.0955
3.0165
4.0789
3.6319
3.4696
3.9534
3.3783
3.6348
3.5149
3.5300
2.9885
3.8783
3.3134
3.0690
3.5877
4.1896
3.0594
2.3620
2.9061
4.1753
3.9073
3.5107
3.6030
3.2721
4.1870
4.3813
2.7589
3.2353
3.8612
4.3950
3.5973
3.7487
4.5115
3.6163
3.5382
3.8019
2.9000
1.0000
3.5826
3.8900
4.2822
3.4783
3.4428
3.2015
3.1675
3.6589
3.5538
4.2416
4.4714
3.8923
2.9616
2.4941
3.7866
4.3081
2.8295
4.2101
3.6745
4.0909
2.3592
3.4365
2.9033
3.3531
3.3596
1.2354
3.5324
2.2898
4.2783
1.1431
1.3087
4.4315
4.3538
3.8330
1.4543
3.5324
4.2803
1.2624
2.7606
3.6931
3.2871
4.1014
4.5212
2.9470
3.9927
4.3998
3.8022
3.5784
2.4138
4.6721
1.9557
3.6620
3.8234
4.3409
3.9739
3.9662
4.0198
4.1965
3.8395
3.6527
3.3624
4.7086
3.0492
3.9438
3.2899
3.5285
2.8295
3.8506
3.5264
3.1714
3.7778
3.6038
3.5216
3.6870
2.6621
4.0819
4.8104
3.6180
3.2510
4.4636
4.0049
2.2610
3.1050
3.6099
3.1537
3.7155
3.7293
3.7125
3.9678
3.3139
3.6722
3.6313
3.6392
3.2590
4.2883
4.3287
3.1740
4.2329
2.1759
3.2096
2.2738
3.4464
3.9941
4.0953
3.6899
3.2655
4.4217
3.5457
4.0369
3.0918
3.8488
4.3454
1.0000
3.5290
3.6523
3.8829
3.7235
3.8808
2.9719
3.4341
3.9186
3.8613
2.8167
4.0429
2.6935
4.5453
3.1276
2.5153
3.9845
4.0479
3.1138
3.1407
3.0832
3.0407
4.1865
2.6407
4.7361
3.9336
3.9624
3.8601
2.9821
3.5615
3.6098
3.7650
3.6383
3.8178
2.2023
3.8601
2.4085
3.7428
3.9185
3.2296
3.1433
3.4444
2.0970
3.8242
4.3053
4.2799
3.8444
3.7315
3.4338
1.5315
2.5164
2.9116
3.5237
2.7159
3.7311
2.9772
3.8852
4.0420
3.5213
3.4599
3.5702
4.4453
2.8425
3.6067
2.6245
4.3018
3.1251
3.5786
3.6209
3.9434
3.1652
3.8333
2.9702
3.7291
3.6463
3.8219
4.0109
3.6437
2.5752
2.7259
2.8210
2.8363
2.5800
1.8396
4.5883
3.9472
2.6050
3.5042
3.7870
3.5750
3.9290
2.1078
2.9322
3.7868
4.4068
3.3888
3.7848
3.9234
3.6425
3.4766
1.9275
4.4964
3.9713
3.9237
5.0000
2.2884
3.4957
3.7933
3.8087
3.4538
3.3779
3.5770
4.5215
3.0303
3.9406
2.1904
4.9655
3.2734
2.3453
3.0039
3.2785
3.9024
3.7465
3.8599
3.4493
4.1284
1.7694
2.9328
4.0086
3.6423
3.8644
3.9463
3.9373
2.9973
4.2650
3.1006
3.9672
3.0145
4.4092
3.5919
2.8258
3.2285
3.1817
3.6904
3.3629
3.7075
3.5846
2.7752
3.8758
3.1247
3.2123
4.5463
3.3417
3.6575
3.5177
2.9022
3.4535
1.7509
3.9196
4.6791
3.3097
3.0258
3.6043
2.5657
2.5128
2.9034
3.9996
4.1397
4.4173
2.6656
4.0867
4.4575
2.1253
4.0573
2.0748
4.0977
3.5269
1.6188
3.6307
2.0480
3.9562
4.0876
3.8640
3.1728
2.3214
2.9017
2.9578
3.2180
4.0206
2.1739
4.5752
2.3110
3.0296
3.3861
4.1415
2.2163
3.9251
3.5340
2.8516
2.3887
3.7701
4.0771
3.4537
4.2235
3.8164
4.3367
3.8313
3.1255
3.0581
3.8262
3.7019
1.3445
4.3637
3.2834
3.9418
4.3143
2.9582
3.7561
4.4155
3.7606
3.3693
3.9521
3.8871
4.4857
3.5695
2.6668
4.3282
3.4599
4.4202
4.6588
3.0840
3.6696
1.7145
2.4977
3.3264
3.8488
3.3859
2.4789
3.2832
3.6079
3.8186
3.5324
3.6590
3.3069
3.4868
3.9280
4.1065
4.2696
3.4018
2.5737
4.0290
4.0376
3.3254
3.5355
3.1224
4.0720
4.2740
3.1427
3.3160
3.2250
3.2033
3.7846
3.5135
3.0852
3.2118
3.2914
4.2102
4.1457
3.2362
3.9428
3.2848
2.7388
3.9280
3.3298
3.2076
4.2967
2.4768
4.3763
4.0846
3.6972
3.2901
3.7239
3.9817
3.3564
3.4729
4.5975
2.8657
3.0580
3.0327
3.0511
4.0398
4.0130
3.9601
2.3129
3.2616
4.6261
3.7275
4.9842
3.9762
4.7995
3.3543
4.1512
3.8318
4.3679
2.3125
3.5342
3.4123
4.1876
2.6205
3.3236
1.5551
4.4742
4.5438
5.0000
1.7861
3.4135
3.4176
2.1879
4.3639
3.9792
3.9929
3.6245
3.5324
4.4081
4.5460
2.9344
3.5744
1.6487
3.9010
3.9513
3.0125
3.6463
3.8431
4.3281
4.2667
3.6850
4.7915
3.4128
1.2129
1.5384
3.5799
2.6420
4.3906
4.8176
2.6266
3.9726
4.0444
3.3293
3.5326
3.6668
4.5763
4.1477
3.4419
3.8812
3.3713
2.9887
2.8547
3.2467
4.3314
3.2082
2.8033
3.9123
3.0682
3.5881
3.1306
3.3309
4.0061
1.3838
1.7974
3.6846
2.9936
3.4196
3.5686
3.1949
3.0543
3.4182
2.4612
2.9689
4.0626
3.7802
4.1847
4.1802
2.9142
3.7090
3.5028
2.8406
4.6389
3.0139
2.6165
3.2645
3.0270
4.4072
4.1117
3.3840
3.6332
2.8800
3.8826
2.9331
4.3972
4.1383
3.3970
3.6119
3.1629
3.3349
4.1228
4.1446
3.8596
3.7822
4.0983
3.0990
3.1950
4.2081
2.5579
3.3374
4.0124
3.6008
2.6369
3.7771
3.4826
3.7973
2.9928
3.3601
3.8472
3.5324
3.3223
3.1732
3.7369
3.7175
5.0000
3.8684
4.2453
3.4062
3.8575
3.9630
3.1156
3.3205
4.2144
3.7431
4.1413
3.4904
4.3555
3.8892
3.4563
4.2359
3.3351
4.2222
3.3185
2.8593
4.0898
4.1320
3.2406
4.2635
4.0218
4.1524
2.9494
4.2632
3.9590
2.9916
4.3829
3.7502
3.0182
3.9110
3.4496
1.6660
2.1506
4.7297
3.0014
3.8240
3.5446
3.2414
3.1768
2.2990
4.1459
4.2859
4.0736
3.0948
3.2348
3.4141
4.1241
3.3221
3.9467
4.2616
3.7350
3.7185
2.9573
2.8522
2.2666
3.6633
3.3380
3.5746
3.1624
3.2354
3.0550
2.9583
2.6517
4.5045
3.3086
3.0040
3.7144
3.2181
3.9056
1.5863
4.5390
2.7622
4.1405
3.2706
3.3233
3.4741
3.8459
2.2469
3.6839
3.2581
3.9429
4.5824
3.7618
2.1654
4.2223
3.4747
3.4469
3.8024
3.0245
4.6656
2.9441
2.7723
3.5957
3.4011
4.3709
2.6205
3.8281
2.5236
2.7266
3.7003
3.5225
3.8924
3.2688
3.8250
4.3740
3.5778
3.5127
3.5324
3.5527
3.6817
4.0044
4.8571
3.4555
3.7681
3.6034
3.0763
3.0961
2.1680
3.6378
2.5334
2.5648
2.7661
3.6388
3.5324
2.5828
2.0655
3.2533
3.4910
3.4045
3.0203
1.9481
4.0240
4.9722
2.6874
4.1571
2.1356
3.5775
3.7660
4.2440
3.6477
2.5196
3.0185
3.5052
4.2398
3.8577
3.9865
3.9758
3.4903
2.7584
2.8202
4.3599
3.0256
3.5242
3.7908
4.7350
4.7833
4.7057
3.3908
3.7041
4.0892
3.4388
2.8299
3.7091
3.5026
3.9921
2.4416
3.5826
3.1049
3.8436
3.3064
3.9767
2.8180
4.5055
4.1587
3.8046
2.7124
1.6094
3.7563
3.2009
3.5839
4.2588
2.5548
3.9052
3.5864
3.0721
2.5814
4.2398
4.0103
3.4309
3.1225
4.3851
3.2902
3.2181
2.7316
3.0095
2.3414
3.9555
3.3310
3.5527
2.7373
3.3349
4.3063
4.3320
2.2067
3.4321
2.8288
3.8183
4.1585
2.9626
4.4358
2.8375
2.9957
4.5043
3.0404
3.6158
4.2407
3.9443
3.8788
4.2242
3.5291
4.2865
2.7340
3.4252
4.0500
3.6216
3.7038
4.0565
3.4094
4.0929
4.4066
3.7745
3.7136
4.0868
3.9603
4.2156
3.4686
3.3756
2.5952
2.5371
3.5894
3.5304
3.1288
3.8752
3.7814
3.3998
3.4169
2.4665
4.0968
3.6022
4.0638
2.7016
4.7769
3.6652
4.0485
4.2158
3.1516
2.4486
2.7688
3.6479
1.6747
3.9682
2.1816
4.3739
2.5888
3.4300
3.2402
3.8119
3.9749
2.7031
3.6590
3.4488
3.9053
4.0051
4.1231
3.0677
3.9170
3.9085
2.9072
3.1656
3.0626
2.4974
2.8459
3.6869
3.5126
4.7261
3.7694
3.2982
3.8026
3.8482
3.0929
3.0463
3.8703
3.2891
3.5721
3.0897
3.2271
4.4590
3.9523
1.9182
4.4886
3.4903
4.4802
3.9667
3.8899
2.0693
4.0765
4.0117
4.3678
4.2418
4.1059
3.6746
3.7975
1.4436
3.9967
3.8137
4.1409
2.8829
4.1406
3.6463
4.2014
3.2221
3.2938
3.5200
4.4463
4.3786
2.6374
4.2121
3.5497
4.3280
3.5446
4.0584
3.9651
3.2958
3.5858
4.4884
3.1254
2.8983
4.0099
3.8137
2.6383
4.3415
4.3410
3.6988
3.2676
3.5354
4.1510
4.2278
3.3233
3.8659
4.4994
3.4498
3.6619
2.4498
2.3293
3.6568
4.0617
3.2439
3.1430
3.3185
4.0023
3.5050
3.1593
3.4740
4.1046
3.6291
2.7482
3.2125
3.9514
3.9881
3.1261
4.5583
3.2132
3.5812
2.9396
3.4672
3.4718
1.5026
3.8110
1.7026
4.2099
3.2613
2.7047
3.5336
4.1387
3.9686
3.4460
4.3034
4.3582
3.5026
3.6563
3.2572
2.4739
4.5926
3.0783
4.0001
2.6998
4.8377
3.7746
2.1306
3.4094
3.5170
3.4428
2.9266
3.9043
4.3268
3.2171
3.2057
3.6613
3.2707
3.9489
4.1811
3.3539
4.3199
4.5765
3.7482
2.0974
4.4323
4.3586
3.3534
3.1123
4.1337
3.8711
3.5329
4.2270
4.3747
3.1371
3.9357
2.4115
3.3184
2.5098
4.3792
3.6687
4.4326
4.0099
3.3006
2.9433
4.1404
4.0308
4.3931
3.7907
3.9145
3.8168
3.7588
4.1419
3.7120
1.8330
3.5071
2.8823
4.2848
3.2677
4.3929
2.6841
3.2582
3.1789
4.3215
2.9915
4.2106
3.2190
3.4185
3.7148
2.5352
3.3073
3.5774
3.9234
3.8019
4.2319
2.6532
2.8981
3.3838
3.8594
3.4183
2.9798
3.7218
3.0858
2.5117
3.3363
3.2078
4.0493
3.1532
3.2693
2.4704
3.6105
3.6312
2.5484
1.5728
3.5682
3.6566
4.0921
3.2127
4.0174
1.3578
4.4339
3.3568
4.0806
3.0819
2.4730
3.6872
4.1747
2.9065
3.1586
3.4594
3.3253
3.9809
2.9129
3.6396
2.7796
3.2910
3.4254
3.5493
4.1520
3.6999
3.7838
3.3614
4.0500
4.1301
4.6274
4.0597
3.2286
3.2570
4.1157
4.8844
2.3747
4.0322
3.8297
2.5362
3.8929
4.5765
3.3581
3.5772
3.6221
3.0910
3.1349
3.3537
2.4098
3.4219
3.3855
2.4854
4.4887
3.8081
3.7329
3.6939
3.4690
3.1390
2.9365
4.2942
3.4595
3.8153
3.2488
3.4101
2.8062
3.9565
3.8161
4.7533
2.2012
3.0989
3.1635
4.4425
3.7145
3.6426
4.0933
4.0980
3.8357
3.9371
3.2592
3.5716
4.6858
3.0752
3.8248
2.7480
3.2590
4.1082
2.6976
4.0916
3.3011
3.9817
4.0652
3.3603
4.4609
4.7009
4.5351
3.3719
3.5941
3.7075
4.2896
3.4511
4.3043
3.8882
3.6154
3.4563
2.1515
3.7379
3.7460
3.8432
3.1988
3.6972
2.9764
3.7363
3.9036
4.1945
5.0000
4.0066
3.1124
3.4898
3.3244
3.9284
3.8740
3.3603
3.2217
2.2514
4.5016
2.8128
3.4110
2.9858
3.6134
4.0331
3.9727
3.7054
3.9027
3.8355
3.7074
3.8239
3.6631
4.0338
3.7470
2.9188
3.7641
3.9370
3.5435
3.1499
3.4070
4.1144
3.9454
3.6303
2.9698
3.4841
3.2356
3.8942
2.7141
2.7504
4.1448
4.0270
4.3528
3.3811
3.5002
4.6529
4.6971
3.8138
3.2128
3.3563
2.2830
4.0000
3.8065
3.7586
4.5053
4.5453
4.3720
3.0911
3.6681
3.5745
4.3757
3.7758
2.5169
4.0377
2.2840
4.0940
2.3125
2.6114
3.0773
3.3641
4.2364
4.3769
3.4348
3.5894
3.4887
4.0570
4.4327
4.2232
4.2468
2.4189
4.0319
2.7737
3.6950
3.5468
4.2820
3.6964
3.6772
2.4887
2.9935
1.9322
3.6763
4.7313
2.9228
3.8891
2.5294
3.7779
3.4233
3.7460
4.2914
3.9995
3.8592
2.8720
2.6818
3.1737
3.1275
3.3121
3.9025
3.5814
3.0960
3.4886
3.6895
2.8893
2.9848
3.3494
3.1127
4.1639
3.2075
3.1614
4.2553
3.2848
4.1044
2.4696
3.0262
3.3315
3.7055
4.2294
3.9377
1.9474
3.8993
4.0444
4.2787
4.3906
2.9580
4.0182
3.4576
2.0615
3.0777
3.4668
3.9357
3.5165
2.9462
1.8501
4.0117
2.9040
3.2293
3.2329
2.6081
3.6915
3.9643
4.7251
3.5920
4.1364
3.2883
3.1547
3.1681
2.7251
3.3009
1.0000
4.4063
2.8351
3.3101
2.9972
3.5446
4.4717
3.4982
3.8553
3.0089
3.9791
4.8680
3.1864
3.7822
3.4731
3.9604
3.1472
4.0791
3.3377
3.5899
4.0875
3.8169
3.2378
3.2953
3.7844
3.9127
4.5760
2.1941
3.1915
4.7371
4.1711
3.1774
3.3347
3.0178
1.6975
2.9832
3.0744
3.1239
4.1538
3.0695
4.0597
3.4848
4.4708
2.8166
3.9623
2.9661
3.3742
3.6472
3.7358
3.0298
3.9904
3.5091
3.4366
3.1075
4.1565
3.1437
4.0818
3.8814
3.5324
4.0393
3.6602
1.7142
3.1870
2.7437
3.5774
3.5659
3.4511
3.7520
3.7363
2.8270
3.7375
3.7576
4.3436
3.1703
4.0185
4.2760
4.3443
4.3627
3.9175
4.0087
4.4131
1.9987
4.3841
2.5075
1.7105
2.8491
2.1274
3.5148
3.4658
4.0680
3.8433
3.0015
3.9832
2.4275
3.2884
2.6410
3.7034
2.5620
4.2765
2.3122
3.3618
3.0838
3.4513
2.6447
4.0222
3.5661
4.7252
3.8067
3.5181
4.9291
3.4518
3.1370
4.8355
3.4916
2.7503
4.0839
3.7112
3.5045
3.6688
4.2222
3.4857
4.1020
2.7722
2.7539
2.8690
4.3012
3.8314
2.9384
4.7184
2.3970
3.3030
3.7143
3.5646
3.4686
4.1745
4.1131
3.6514
3.6620
3.5872
4.6530
3.5817
3.3663
4.1350
2.8058
3.6407
3.7515
4.3473
4.1318
3.4973
3.9041
3.7626
3.2828
3.8694
3.6484
3.2847
4.0482
3.5226
3.7722
4.1387
3.2201
3.5324
4.2339
3.3336
4.2612
2.8966
3.8979
4.1052
4.1539
3.8246
3.4943
3.5518
3.8910
3.9893
3.3850
3.5647
1.4982
3.5518
3.7499
4.5507
3.4266
4.0044
2.5062
3.8389
3.2352
4.3917
3.6488
3.6509
4.0274
2.2456
3.0794
3.1096
3.5643
5.0000
2.8348
1.7936
4.1289
3.8325
3.2153
3.3156
1.5186
3.5559
3.7438
3.3814
4.0653
2.6782
3.8676
4.1863
3.4290
3.6159
3.8000
4.4222
2.9714
2.9875
2.4913
3.8725
4.4793
2.8883
4.0201
2.0909
3.0590
4.5084
4.2098
3.3195
3.7237
2.8547
4.6570
3.2593
4.0425
3.2636
1.5288
4.8744
4.0904
2.0386
4.0530
3.8822
3.6232
4.2482
3.3406
4.7326
2.3368
3.7595
3.7395
4.2331
2.3174
3.8148
1.8338
3.5177
3.1697
3.1042
3.8184
4.1628
3.9612
4.3776
3.2757
4.3772
2.7984
4.1367
4.0597
2.9017
4.9452
3.8738
3.2932
3.6007
4.1012
3.2983
4.1450
2.5317
4.3021
4.1934
3.7565
4.1666
3.1848
3.8842
3.9917
1.9210
2.1510
4.4340
3.5945
3.2492
2.9860
3.6336
3.1333
3.5418
4.1625
2.8769
3.7570
3.9105
3.7719
3.7551
3.9116
4.1596
4.3825
3.4801
3.6593
4.3202
4.0319
3.3778
3.9664
2.9849
3.8730
3.0396
2.6181
4.5807
3.2598
4.0272
2.9910
2.3251
3.0673
3.5529
4.1872
4.2698
2.3348
2.7404
4.2650
4.1638
4.1686
4.0964
3.1799
4.0354
2.5082
4.5198
2.2496
3.0518
3.5647
4.1417
4.0939
3.2414
4.7378
3.7911
3.8785
4.5511
3.5295
3.1869
3.0806
3.0883
4.3179
2.9853
3.5968
3.4348
2.9987
4.3130
1.6461
2.5058
3.2612
4.5096
3.9450
4.2133
2.6235
3.0288
3.7477
3.2236
3.8764
4.1478
4.3942
3.9325
4.2732
3.7856
4.0630
4.3136
4.9277
3.3782
4.2208
3.3145
4.7055
2.9931
3.3696
4.7591
3.3546
3.5443
3.2553
4.0315
3.9627
2.7910
2.7405
4.2641
2.9947
4.4892
2.4156
3.7320
1.9393
3.6453
2.4682
4.2140
3.7514
4.0924
3.4819
4.7222
4.4653
2.7879
3.5047
1.2775
4.4150
2.6377
4.1698
4.4448
3.9837
4.3918
4.0322
4.2860
2.7657
3.7061
3.7928
4.4885
3.2325
3.5551
4.8610
3.1850
2.5753
3.9211
3.2854
3.7214
3.6144
3.9934
2.2464
2.7434
3.1861
4.1572
4.4407
4.4710
4.0595
4.1098
3.4893
3.9097
3.2115
4.4549
4.3947
3.6333
4.1138
3.8138
2.2176
5.0000
3.9506
3.1429
2.6611
2.3212
3.1345
3.6898
3.7220
4.0524
3.1043
3.4845
4.3291
4.0657
2.9414
4.1797
3.4684
3.2187
3.1694
2.9177
3.1491
3.0417
4.0527
2.6085
3.9219
3.1340
3.0335
2.8100
4.1985
1.5800
3.6357
3.4536
3.6259
2.8592
2.2718
3.3314
2.4454
4.2523
2.7277
4.7325
3.5230
4.1986
3.8479
3.5474
4.2556
4.0898
3.8374
2.3927
3.7681
3.3378
3.5607
3.8612
3.7387
3.2851
3.3210
3.5947
3.0077
2.0099
2.3690
3.1806
4.3893
3.2621
2.8763
3.3660
3.3740
3.6291
3.2365
3.9330
3.2452
3.1388
2.9489
3.2670
3.8914
4.0079
3.1941
4.0431
3.7491
1.4553
3.1923
4.3213
3.6156
4.0720
1.9825
4.7785
2.5716
3.7737
2.9880
4.2566
3.9739
1.7972
3.1267
3.3755
4.6728
2.8096
3.6648
3.3810
4.0135
3.9860
3.0820
2.9376
3.0225
3.3663
3.0662
2.7301
2.5571
4.0640
3.1941
3.7957
3.5448
3.8061
2.9664
3.6523
2.6263
4.7885
2.3824
4.1339
3.4631
1.5402
2.8828
3.7716
4.0724
3.6502
4.5118
2.2329
3.3714
2.6503
3.7929
4.0776
3.1837
3.2223
3.1439
4.3314
4.0318
3.9020
3.4638
3.9616
4.1076
4.2007
3.1613
3.9959
3.5839
3.8686
3.7868
3.2315
3.1612
2.2912
3.6909
4.2767
3.4028
3.7823
3.5120
3.9556
3.4175
3.3728
4.0285
4.1310
3.6288
3.4609
3.7255
4.3942
3.9389
3.4393
3.6621
3.6464
1.6223
4.8949
1.7406
2.7045
4.3306
3.6053
3.8339
2.2525
1.5612
2.9864
3.8843
1.9191
3.5596
3.8033
3.5819
3.4816
3.4508
2.6135
3.9488
4.5009
4.7655
4.1702
2.5507
3.4641
3.3487
2.9368
3.5684
3.7235
4.4202
4.2540
2.7104
3.4925
3.0414
3.9868
4.7501
3.5682
3.9233
4.2591
4.4828
3.5971
4.1881
3.1264
4.0336
3.6658
3.3992
3.4615
3.4178
4.7144
3.9048
3.5780
1.6615
3.1780
4.0020
3.3032
2.5959
4.0689
3.3196
3.2494
3.1372
3.5279
3.6088
4.1764
3.4806
2.8701
4.2171
3.5324
3.7814
4.5141
3.8852
4.2571
2.9488
4.3046
3.6483
4.1864
4.0766
3.5168
3.0669
4.2718
3.2041
2.2710
4.4214
4.2659
3.6427
3.3076
3.4645
5.0000
4.1273
1.9326
4.1591
3.3461
2.4597
3.8554
4.4919
3.9689
3.9972
2.5613
4.4333
2.7671
2.1710
4.0715
4.0845
3.5163
4.2993
3.2214
4.2059
3.4137
4.4978
3.1772
2.8669
3.5729
2.6541
3.2461
3.0543
3.2364
3.4053
3.5420
4.0024
4.1296
3.0278
3.2013
3.9426
4.8331
2.9737
3.8827
3.1224
1.4964
3.0277
3.2806
3.8723
4.1275
3.8492
4.2538
3.4137
2.3365
2.7749
3.9983
3.6936
2.8336
4.1333
1.8854
4.6189
2.8932
4.3708
4.0637
3.1950
2.7821
2.7552
3.4729
2.6736
4.0569
4.0133
3.1680
2.9863
4.4744
3.7344
3.6809
4.3146
4.3023
2.7687
4.0071
3.1575
3.5845
3.9240
3.4955
3.5607
4.2842
4.4478
3.1737
3.8428
2.3624
2.6263
3.9975
4.1097
3.8238
2.9354
3.9231
3.2753
4.3455
2.7835
2.8452
3.6824
3.7633
3.6322
3.5788
2.3934
1.9461
2.2538
2.6561
4.0885
3.4018
2.6728
3.8814
3.2699
3.8951
3.5640
4.2744
3.4795
4.4434
3.7134
2.1104
4.0545
2.4563
3.9366
3.6982
3.6714
2.9057
2.2199
2.0425
3.5909
3.7200
4.2335
4.2935
3.1792
4.0078
3.9574
2.9125
4.1584
3.0761
3.7850
4.0025
3.7324
3.5259
3.6080
3.9389
3.4575
4.3896
3.2998
4.0889
2.2672
3.9460
3.6671
2.4274
3.5647
4.1107
4.0008
1.7828
4.0196
3.4953
2.9304
3.5228
3.4277
3.3864
3.8729
3.7801
4.3211
4.1087
3.7915
3.5510
3.6828
3.8390
3.5324
3.0264
4.1232
2.6779
3.7908
3.6524
2.4289
3.1590
3.1171
3.8789
2.4711
3.7832
2.7218
2.7289
3.5661
3.2260
3.1118
4.1291
3.7385
3.8504
4.9202
3.5071
4.1023
3.2409
3.6357
4.1664
4.3243
3.9985
4.4337
2.9499
4.0911
4.3218
2.4856
3.9429
2.8223
2.7532
4.2808
4.8749
4.0768
4.0047
3.4174
3.3757
3.4895
3.6411
3.7530
3.9903
3.5713
3.5133
3.8656
4.4860
3.3645
3.5844
3.8212
3.5248
4.2945
4.1366
3.3968
3.7313
3.6489
2.6993
2.6038
3.9900
3.9424
4.1898
3.7403
3.6404
3.9835
3.6668
2.7226
3.7539
2.7161
3.5363
3.4148
2.9999
2.7174
3.7290
3.9079
3.6909
3.3863
3.5821
3.6388
2.5741
3.9728
4.0955
2.8382
3.7915
2.8335
2.8803
3.8494
3.7437
4.1192
3.4749
3.3694
3.9044
3.8154
4.9248
4.1889
3.6810
3.5573
3.0261
3.9244
2.6916
3.7943
3.5661
3.8003
3.0327
4.0266
4.5078
2.7933
2.3032
3.5549
3.9025
3.4740
3.6282
4.3452
4.0880
4.0723
3.7639
4.0992
3.8951
3.6017
1.8391
3.6018
3.7608
3.8081
2.1295
3.7722
3.7653
3.0593
2.9759
4.0195
3.7588
3.6696
3.7382
2.9475
2.6989
3.2457
4.3510
3.5114
5.0000
2.8923
3.8333
2.1723
3.4022
4.0722
2.2784
4.0052
3.9708
3.5919
3.5903
2.2180
2.9170
4.4732
4.0912
3.4065
3.8992
2.2031
3.8808
4.1462
3.1124
4.2612
4.2088
4.6424
2.2299
3.8695
3.1803
4.0081
4.1110
4.1234
3.6417
3.5324
3.9490
2.3066
3.1668
4.0561
3.1470
4.1476
3.2265
3.8990
2.8214
4.2532
3.2413
3.9319
2.5026
3.1520
3.6579
2.7663
4.2112
3.4335
2.6281
3.7409
3.8069
4.2788
4.4546
2.5171
2.5320
4.1716
2.1909
3.3785
3.6285
3.5944
3.5654
3.6791
2.3176
3.6220
3.5324
2.9069
2.4018
3.8566
2.3007
3.7219
4.0452
3.8098
4.6397
4.7969
3.3230
3.6907
4.1649
3.2964
3.4775
3.5594
3.4526
4.0278
2.7147
3.8926
3.5680
3.6851
4.5649
3.1555
3.1071
3.3127
4.1780
2.6923
2.0345
2.8521
2.9415
2.0384
2.5291
3.9975
4.1148
3.8104
4.2386
3.3209
4.0272
2.7281
4.2896
4.1224
3.1023
3.6811
2.3219
4.3213
3.8382
3.3778
3.5396
3.7590
4.2955
3.5819
3.4344
3.0814
4.4199
4.2214
3.6921
3.9812
3.1924
3.9865
3.8480
3.6755
3.2349
3.7975
3.7364
3.7056
3.6503
3.1575
4.4392
2.4592
2.2873
3.8651
3.5173
3.9642
3.6962
1.8006
1.3565
3.8536
2.7490
3.9656
3.0742
3.2164
2.7967
3.2443
3.4007
3.1101
4.4965
3.4849
3.6871
4.3477
3.9355
2.5829
4.3469
4.0152
3.5500
3.9146
3.9083
3.5400
3.1187
4.2316
3.1500
4.2273
3.2891
3.0041
3.3049
2.6789
4.1643
3.4607
3.7714
3.5198
3.2412
4.7376
3.8415
4.2258
3.0759
3.2273
3.9345
3.3480
4.1793
2.9531
3.5701
1.8972
3.3407
3.2670
3.0834
4.4294
2.9948
3.4846
4.7784
3.6057
3.7639
2.0578
3.5160
3.1856
4.1415
3.3849
3.5162
3.4919
3.7064
3.9599
4.6790
3.5923
4.2947
3.3071
3.6359
2.8677
3.5277
2.9467
4.3102
4.2677
2.6182
3.4990
4.1464
3.6629
2.0698
2.7651
3.5795
2.5483
3.6848
4.2645
4.2069
3.0462
3.0975
3.7882
4.1870
2.6305
4.8154
2.8819
2.9303
3.4356
2.1553
4.8367
3.3916
3.9140
4.6223
3.9968
2.4955
4.2729
2.8936
3.8178
4.1427
4.1783
3.2032
3.2569
3.4514
4.0782
4.1982
1.7648
3.8511
4.2024
4.1690
2.5278
3.2547
4.2442
3.6068
3.0055
4.8126
3.4667
3.4717
3.8137
3.3302
4.0463
2.6819
2.7524
3.6447
3.7200
3.8909
3.2327
3.2178
4.1899
3.4499
3.6886
1.8017
3.3491
3.8846
3.3605
3.7777
4.5872
4.8013
4.3859
3.3863
3.5543
3.9826
4.3117
3.4857
1.7756
3.5522
2.5633
2.0138
3.5288
3.7243
4.2966
3.3357
4.0361
3.8020
1.6834
3.9071
2.8686
3.4392
3.4058
3.3918
4.3738
3.3153
3.0312
3.8495
3.1110
4.0590
3.5674
3.7253
2.7214
4.4900
4.0420
4.0219
3.7580
3.3000
3.0515
3.8082
1.7422
3.5459
3.9994
1.2939
3.1923
3.2124
3.6363
3.5561
3.5232
3.7711
4.1184
3.8189
2.2787
4.1136
4.2421
3.7682
4.1570
2.5512
3.2557
4.1599
3.0339
4.5612
3.2999
3.7147
3.8096
3.8780
3.0663
4.5603
3.0187
3.7715
3.7055
4.5945
2.3415
4.4252
3.9891
3.8225
3.2980
4.4612
3.3620
3.3699
3.1267
3.8747
3.4586
3.4745
3.4642
2.8486
2.9789
4.1196
3.0864
3.0138
3.4443
3.8539
4.0242
3.4141
4.4426
3.8177
2.2965
4.5565
3.9315
3.6000
3.4542
3.5495
4.4267
4.8544
3.8648
4.4478
2.9321
4.5012
3.5930
2.0721
4.3281
3.2361
3.1355
2.7398
4.5520
3.8537
3.1857
4.4126
3.5658
3.6928
2.8048
3.2248
3.6599
2.6710
4.1496
4.4559
4.2076
3.3736
3.2340
3.7456
4.4403
3.6041
3.3306
4.0561
3.5967
2.9332
3.5571
3.5668
3.9164
2.6812
4.3294
3.1722
3.0166
3.4602
4.1769
3.8066
3.3803
3.7734
3.7132
2.3106
2.5143
3.4288
4.3258
3.9241
1.8117
4.3767
4.1080
4.3726
4.0777
3.7412
3.9152
4.2938
3.7781
3.5882
4.1281
3.6521
3.9992
3.1884
3.7506
4.2620
2.9744
4.2469
2.7099
3.4923
3.7533
3.9470
3.6354
4.3254
2.5180
2.8391
3.1809
3.5317
3.9994
3.8517
3.2455
3.3239
4.5122
4.0630
3.5047
4.1113
3.3745
4.2616
3.4351
3.6418
2.2814
2.8263
3.9905
3.8989
3.4059
3.8345
4.1491
4.1707
3.6695
3.4889
3.6486
3.2897
4.3642
3.8100
1.9909
3.3846
4.5176
4.2632
4.2916
4.2176
4.0265
4.2841
4.2999
2.6830
3.3471
3.3403
3.9391
2.6921
4.1968
4.1330
3.0852
3.7442
4.5790
3.6509
3.3109
3.4230
3.0798
4.9493
3.2226
4.3316
3.5898
3.9723
3.5850
3.8514
3.7804
3.9976
4.3240
2.8909
3.5225
3.5260
3.4876
2.6211
3.8765
3.7406
3.2496
3.3847
4.4667
1.8598
3.1186
3.6809
3.4011
3.8376
3.1687
3.6472
3.4569
3.9846
3.7118
3.1750
3.2168
4.1231
1.7787
2.2830
4.2020
3.8974
3.4876
4.5750
3.7693
3.6413
3.1665
3.5674
4.0338
3.2262
3.4831
4.1571
3.8530
4.0742
3.1678
4.5372
3.0670
3.2532
3.0823
4.2589
3.4232
4.0096
2.5626
3.3173
4.1884
3.5996
4.3113
3.0825
2.7255
2.9538
3.9694
3.7335
4.2035
2.6755
4.3030
3.9799
3.7458
4.3717
4.5093
4.3635
3.7142
3.8971
1.0000
2.9308
3.9419
4.4945
3.2288
3.6752
4.3102
3.8251
4.1448
4.0382
2.6842
4.0917
3.0567
3.0808
4.6973
3.1984
3.3514
3.1723
3.1174
3.6312
2.4550
2.6023
4.2356
3.8253
3.3491
4.0361
3.8202
3.9360
1.8682
3.7922
4.2754
2.9463
1.8870
3.8935
3.9484
3.5044
3.9108
4.2551
3.3536
3.6600
4.4069
4.4320
4.1937
3.2048
3.3130
2.8265
3.4988
4.4832
3.7171
2.6473
3.3688
2.7745
4.3577
3.1270
3.6036
3.9970
3.7186
2.2182
4.2608
4.5341
3.6107
3.0097
3.0351
4.2041
3.0783
1.1600
3.3805
3.3778
3.3520
4.1439
1.6168
3.5685
3.7159
3.5215
3.0514
3.2685
4.1480
3.2563
3.9398
2.9556
2.3150
4.5773
3.7529
3.8656
3.8177
2.5679
3.7928
2.6373
4.3021
2.9039
3.6419
3.3454
3.7637
3.0014
1.7371
3.7731
3.8881
3.9241
3.8888
4.1839
2.9336
4.0829
4.5639
3.2417
2.7151
4.2444
3.1168
2.5599
3.4895
3.9274
4.4354
3.9952
3.6038
3.6437
3.6519
4.7165
3.9769
4.4617
2.9836
3.1383
4.4110
3.4365
4.6209
4.2484
2.7094
3.6538
2.3132
3.6106
3.5329
4.1106
2.0324
4.2183
5.0000
3.7776
4.0160
3.6234
4.8939
3.3843
4.4551
3.9069
3.4318
4.4008
3.2528
4.8392
3.8321
4.3021
4.2102
3.4625
4.0834
4.3933
3.6630
3.3582
1.6364
3.2072
3.4529
3.5028
3.3982
3.7728
3.4553
3.3958
2.7677
4.1314
2.5679
3.6009
3.9620
3.3031
2.3218
2.9108
3.3976
3.2327
3.5017
2.8181
3.9741
3.3145
4.2121
1.3638
2.7507
3.9489
3.8016
3.5821
4.1343
3.1728
2.9338
3.7978
4.2398
3.5510
3.6358
2.7488
3.3322
2.8739
2.4378
4.5755
4.1060
3.7784
2.9484
3.5324
3.6359
3.7059
3.7543
4.3514
4.0840
3.5499
4.4256
4.2784
3.5104
3.8395
3.2874
3.1689
3.3975
2.4081
4.3285
3.1843
4.1157
4.1192
3.4840
2.6977
3.5870
2.9814
3.1256
2.4303
4.5914
3.4139
2.7170
3.5677
3.4965
4.3796
3.6796
4.0195
3.4227
4.1814
1.7083
3.6264
4.5396
3.4722
2.5075
3.7011
3.2993
4.0458
3.9018
3.1137
4.0909
3.9499
2.0837
3.2859
3.4408
3.5583
3.5324
4.0632
3.8580
3.8684
3.2113
4.5150
2.3240
3.2443
2.9373
3.5804
2.8085
3.8128
3.5324
4.3245
3.8548
4.5613
3.3121
3.1231
3.6714
3.0003
4.2680
3.3900
3.6554
3.8201
3.5637
1.9076
3.3433
2.6229
3.7496
2.6277
4.5869
3.8114
2.8829
4.0727
2.6908
3.2047
4.5626
3.0402
4.0106
2.4128
2.9706
3.5081
3.9338
4.2202
4.2274
4.2848
3.5804
3.4613
2.6422
3.7070
4.0722
1.0000
3.9177
3.8607
3.7495
3.5644
3.6866
4.5996
4.0957
3.6280
4.2711
3.1089
3.9001
3.5380
4.5668
3.0189
3.8047
4.4103
4.4605
3.4929
2.3253
3.6153
4.0635
4.1904
4.6199
4.2957
3.5973
3.8747
3.8573
3.9102
3.3559
4.4621
2.8286
3.7487
1.5279
3.0308
3.7461
3.1813
3.5077
2.8530
2.9867
2.1157
3.3705
3.7572
3.7121
4.2878
3.3217
3.4749
3.2387
4.2210
4.5107
3.9377
2.8349
3.8093
3.2160
3.9123
4.0234
3.5465
3.5192
3.4930
3.7265
3.6356
3.6211
4.0126
3.2940
3.5257
3.0397
2.7121
2.5124
3.3119
4.0208
3.7835
3.7854
3.8738
2.9099
4.2647
4.1242
3.4311
2.5941
2.2663
3.8982
3.8667
3.4171
3.6622
3.4504
3.0263
3.8414
2.9109
3.9823
3.5290
4.8124
3.9065
3.9761
4.0723
3.1783
3.2232
3.9439
3.6363
3.5617
3.2054
2.4594
3.5001
4.0617
3.6169
3.7962
4.3721
3.2021
3.4449
3.4477
3.7649
4.2846
3.6250
2.6174
3.7395
3.7246
3.4689
2.3692
4.0532
4.1503
3.8504
4.4478
4.0340
4.0070
4.7171
3.3607
3.5879
3.4740
3.6237
4.5256
3.5520
3.8114
4.4662
1.7521
4.7481
3.4762
1.4221
3.2330
3.6534
3.3901
3.9535
4.2091
3.5689
3.1051
4.3587
2.8565
2.7527
2.4071
3.8262
3.7022
3.7600
3.8107
2.9520
3.9241
3.6123
4.4096
3.9145
4.3372
3.6985
3.6075
3.6256
3.9003
4.4634
4.2996
2.1749
3.9827
3.8534
3.8307
4.7749
3.1785
3.2409
3.9675
3.0948
3.1832
3.8803
3.0213
3.2901
4.3790
3.1286
3.2393
4.4703
3.2635
3.7637
2.1325
3.0122
2.6586
2.4870
4.3005
3.4079
4.5120
3.6529
3.2028
4.0470
4.1750
2.2152
4.0593
3.8871
3.9775
4.0188
4.2829
3.3286
3.2195
2.9343
2.9382
1.8766
4.0394
1.7895
3.6225
3.2525
4.0249
3.1931
3.5063
3.4651
3.7989
3.8052
2.4604
4.1827
4.0621
3.5643
2.7859
4.0343
3.8893
1.6916
4.2898
4.1384
3.7502
3.5802
3.5188
3.2529
4.0530
3.4967
3.7062
4.1653
2.8645
3.6666
3.6725
2.2752
4.6271
3.9614
2.7202
4.1139
1.5451
3.9995
3.6432
3.4104
4.1279
3.7879
1.7031
1.5312
4.0567
4.9483
4.2470
2.5981
3.2704
3.4095
3.6421
4.0158
3.5200
3.0893
3.7424
2.6265
3.4861
4.3667
3.3787
4.2058
3.8403
3.6926
4.4241
4.7859
4.2603
3.0729
3.0817
4.3202
3.1502
4.0358
3.7857
4.0711
4.7248
3.1817
3.1068
3.2183
3.8351
4.6512
2.9298
3.5689
2.8434
4.1121
3.8570
4.2432
4.2405
2.2110
3.2007
3.7130
3.1035
3.6167
2.8018
4.4366
3.7372
3.6719
4.2317
4.2361
3.4402
3.9361
3.6473
4.1692
3.8255
2.9479
3.1808
3.4893
3.8673
2.4478
3.8817
2.0976
3.9529
2.8376
3.9996
4.5011
3.5277
2.2886
2.1625
3.5568
3.8493
2.6144
3.4636
2.9124
3.5433
4.2187
3.8215
2.1951
3.6750
2.9543
4.7496
4.4147
2.8145
3.3009
3.3851
4.3557
3.3158
4.4953
2.5518
4.4120
3.5453
3.0366
3.5742
4.0207
3.8508
4.4596
3.4136
3.7376
4.6530
3.5720
3.6038
3.5616
3.0874
3.2695
2.3663
2.8077
3.9221
4.1194
4.0469
3.9264
3.7346
4.3237
4.0519
2.7945
3.5728
3.7852
3.1314
4.4200
3.6489
4.6002
2.6048
4.6090
3.0522
4.1271
3.6966
4.4346
4.6270
3.4613
3.3035
3.9739
3.7217
4.1110
3.8321
2.5748
3.8343
2.6655
3.5538
3.5132
1.9587
3.6524
2.4470
3.1244
3.2326
3.5441
3.6831
3.5580
2.1405
3.9566
4.0768
3.7193
2.7811
3.2473
4.4438
3.2788
4.0609
3.4935
4.1708
4.1301
3.0496
3.9597
3.6675
3.4205
2.5286
3.3992
3.8855
3.5806
3.7449
3.9866
3.6237
3.4543
3.7237
3.0348
4.2825
3.5067
3.9161
3.9377
4.4541
1.4416
3.3668
4.0271
4.0709
1.0000
4.3359
3.8847
3.3355
2.3822
4.0678
3.7863
2.0740
3.4972
3.7496
4.4522
3.4227
3.0260
3.2540
3.9010
3.8022
3.5488
4.4235
3.6513
4.2215
3.9278
3.8162
3.7413
3.5400
4.0465
3.3554
4.2628
1.8589
4.4882
2.6309
3.7699
3.9338
2.9858
4.2478
4.0242
3.9287
2.9739
4.0075
4.3699
3.3673
3.6300
3.2486
2.2700
2.7785
2.6281
4.1090
3.5144
3.4314
3.5995
3.2954
3.0485
2.3518
4.3605
3.5434
3.9865
3.3566
3.3793
2.3786
3.6364
3.8412
3.8205
3.3393
3.5647
4.3691
3.8044
3.7229
3.8620
3.1647
1.2259
3.7712
4.4174
4.4982
4.2402
3.5022
3.6413
3.2837
3.9247
3.3135
2.1916
3.7518
2.8428
2.6588
4.1094
4.1284
3.5199
4.2632
4.2781
2.5320
2.6004
4.2629
3.2192
3.0441
3.6708
4.4639
3.1064
3.1280
2.6273
4.0689
3.1584
4.0703
3.2390
3.5191
4.1651
2.2135
3.7525
3.9291
3.2454
3.5324
3.3989
4.7430
3.3258
2.7608
4.6924
3.7442
3.3462
2.4726
4.0797
2.7993
4.5768
3.6272
3.3100
3.4318
3.7767
2.9983
1.9413
2.7976
3.9757
3.2452
3.5058
1.6325
3.3245
2.9617
1.8969
3.4949
4.6158
3.8126
3.7489
4.8103
4.3368
3.6089
4.1689
4.2756
3.4157
2.6957
